contig	start	end	gene_position
k127_10007386_M_bin.111	0	435	1
k127_10007386_M_bin.111	532	919	2
k127_10007386_M_bin.111	899	1610	3
k127_10007386_M_bin.111	1606	2764	4
k127_10007386_M_bin.111	2760	3843	5
k127_10007386_M_bin.111	4002	4902	6
k127_10007386_M_bin.111	4947	5037	7
k127_10007386_M_bin.111	5218	5923	8
k127_10007386_M_bin.111	5919	7530	9
k127_10007386_M_bin.111	7657	7864	10
k127_10007386_M_bin.111	8006	8804	11
k127_10007386_M_bin.111	8800	9193	12
k127_10082029_M_bin.105	1	127	1
k127_10082029_M_bin.105	207	3348	2
k127_10082029_M_bin.105	3403	5338	3
k127_10280600_M_bin.102	2	761	1
k127_10280600_M_bin.102	772	1669	2
k127_10280600_M_bin.102	1713	3240	3
k127_10280600_M_bin.102	3220	4366	4
k127_10280600_M_bin.102	4567	5044	5
k127_10358142_S_bin.80	1	3325	1
k127_10410083_M_bin.8	2	3932	1
k127_10410083_M_bin.8	4138	4735	2
k127_10410083_M_bin.8	4924	5872	3
k127_10522667_M_bin.47	83	1667	1
k127_10522667_M_bin.47	1706	2552	2
k127_10522667_M_bin.47	2618	3842	3
k127_10522667_M_bin.47	3892	5551	4
k127_10522667_M_bin.47	5639	8744	5
k127_10522667_M_bin.47	8968	9646	6
k127_10624019_M_bin.1	1	583	1
k127_10624019_M_bin.1	658	1657	2
k127_10624019_M_bin.1	1694	2231	3
k127_10624019_M_bin.1	2724	3891	4
k127_10624019_M_bin.1	3887	4685	5
k127_10624019_M_bin.1	4671	5886	6
k127_10624019_M_bin.1	5919	6822	7
k127_10624019_M_bin.1	7132	7495	8
k127_10624019_M_bin.1	7563	8022	9
k127_10624019_M_bin.1	8018	8450	10
k127_10624019_M_bin.1	8446	9538	11
k127_10624019_M_bin.1	9571	10324	12
k127_10624019_M_bin.1	10320	11187	13
k127_11197027_S_bin.30	930	1131	3
k127_11197027_S_bin.30	1439	3635	5
k127_11197027_S_bin.30	3662	4862	6
k127_11197027_S_bin.30	5000	6737	7
k127_11197027_S_bin.30	6733	7681	8
k127_11197027_S_bin.30	7681	8863	9
k127_11197027_S_bin.30	8956	9265	10
k127_11197027_S_bin.30	9538	10750	11
k127_11197027_S_bin.30	10765	11656	12
k127_11197027_S_bin.30	11693	12125	13
k127_11197027_S_bin.30	12160	13030	14
k127_11197027_S_bin.30	13128	13638	15
k127_11299331_M_bin.87	1	559	1
k127_11299331_M_bin.87	741	1665	2
k127_11299331_M_bin.87	1742	1877	3
k127_11299331_M_bin.87	1886	2498	4
k127_11349038_M_bin.66	1	2587	1
k127_11349038_M_bin.66	2684	4280	2
k127_11349038_M_bin.66	4344	4851	3
k127_11349038_M_bin.66	4863	5784	4
k127_11349038_M_bin.66	5836	6520	5
k127_11394960_M_bin.111	0	315	1
k127_11394960_M_bin.111	418	1093	2
k127_11394960_M_bin.111	1173	3171	3
k127_11394960_M_bin.111	3210	4515	4
k127_11394960_M_bin.111	4514	4982	5
k127_11725973_M_bin.60	0	639	1
k127_11725973_M_bin.60	680	1487	2
k127_11725973_M_bin.60	1533	2076	3
k127_11725973_M_bin.60	2325	2916	4
k127_11725973_M_bin.60	2950	4669	5
k127_11725973_M_bin.60	4954	6670	6
k127_11725973_M_bin.60	6702	6846	7
k127_11725973_M_bin.60	6885	7188	8
k127_11725973_M_bin.60	7249	7699	9
k127_11725973_M_bin.60	7719	9051	10
k127_11725973_M_bin.60	9090	9702	11
k127_11725973_M_bin.60	9794	11060	12
k127_11725973_M_bin.60	11056	11713	13
k127_11725973_M_bin.60	11709	13503	14
k127_11725973_M_bin.60	13548	14337	15
k127_11725973_M_bin.60	14419	15298	16
k127_11725973_M_bin.60	15357	16647	17
k127_11725973_M_bin.60	16865	17054	18
k127_11725973_M_bin.60	17089	18091	19
k127_11725973_M_bin.60	18151	19552	20
k127_11725973_M_bin.60	19653	20616	21
k127_11996447_S_bin.61	2	2222	1
k127_11996447_S_bin.61	2328	2649	2
k127_11996447_S_bin.61	2834	5612	3
k127_11996447_S_bin.61	5840	6503	4
k127_11996447_S_bin.61	6588	7467	5
k127_11996447_S_bin.61	7463	8531	6
k127_11996447_S_bin.61	8707	9580	7
k127_11996447_S_bin.61	9673	9778	8
k127_11996447_S_bin.61	9777	10863	9
k127_11996447_S_bin.61	10859	11774	10
k127_11996447_S_bin.61	11767	12055	11
k127_11996447_S_bin.61	12059	12536	12
k127_11996447_S_bin.61	12526	12727	13
k127_11996447_S_bin.61	12872	13586	14
k127_11996447_S_bin.61	13608	14313	15
k127_11996447_S_bin.61	14617	14827	16
k127_11996447_S_bin.61	14799	16332	17
k127_11996447_S_bin.61	16356	17331	18
k127_11996447_S_bin.61	17311	18898	19
k127_11996447_S_bin.61	18913	19978	20
k127_11996447_S_bin.61	19974	20859	21
k127_11996447_S_bin.61	20869	21979	22
k127_11996447_S_bin.61	21992	23195	23
k127_11996447_S_bin.61	23185	24769	24
k127_11996447_S_bin.61	24765	25947	25
k127_11996447_S_bin.61	25974	27864	26
k127_11996447_S_bin.61	27909	29037	27
k127_11996447_S_bin.61	29047	30325	28
k127_11996447_S_bin.61	30354	31512	29
k127_11996447_S_bin.61	31504	32848	30
k127_11996447_S_bin.61	32817	33705	31
k127_12043189_M_bin.32	2	593	1
k127_12043189_M_bin.32	766	856	2
k127_12043189_M_bin.32	897	1797	3
k127_12043189_M_bin.32	2195	3278	4
k127_12043189_M_bin.32	3274	4429	5
k127_12043189_M_bin.32	4425	5133	6
k127_1207888_M_bin.9	0	1578	1
k127_1207888_M_bin.9	1770	5805	2
k127_1207888_M_bin.9	5895	6675	3
k127_1207888_M_bin.9	6812	7409	4
k127_1207888_M_bin.9	7486	8860	5
k127_1207888_M_bin.9	8940	9834	6
k127_1207888_M_bin.9	10137	10680	7
k127_1212483_S_bin.80	1	4216	1
k127_12281402_M_bin.44	2	137	1
k127_12281402_M_bin.44	164	452	2
k127_12281402_M_bin.44	448	1339	3
k127_12281402_M_bin.44	1335	2181	4
k127_12281402_M_bin.44	2180	3305	5
k127_12767678_S_bin.61	0	10791	1
k127_12767678_S_bin.61	10848	31758	2
k127_12767678_S_bin.61	31838	34313	3
k127_12767678_S_bin.61	34309	36031	4
k127_12767678_S_bin.61	36045	36417	5
k127_12767678_S_bin.61	36413	37724	6
k127_12767678_S_bin.61	37762	37903	7
k127_12902857_S_bin.28	0	2259	1
k127_12902857_S_bin.28	2423	3836	2
k127_12902857_S_bin.28	3917	4136	3
k127_12902857_S_bin.28	4413	5331	4
k127_12902857_S_bin.28	5331	5619	5
k127_12927069_S_bin.28	1	2065	1
k127_12927069_S_bin.28	2195	2600	2
k127_12927069_S_bin.28	2453	3665	3
k127_12927069_S_bin.28	3737	4670	4
k127_12927069_S_bin.28	4687	6532	5
k127_12927069_S_bin.28	6864	7926	6
k127_12927069_S_bin.28	8048	9707	7
k127_12927069_S_bin.28	9845	11429	8
k127_12936363_S_bin.29	0	684	1
k127_12936363_S_bin.29	835	1240	2
k127_12936363_S_bin.29	1309	2485	3
k127_12936363_S_bin.29	2588	3014	4
k127_12973009_M_bin.9	71	785	1
k127_12973009_M_bin.9	954	1107	2
k127_12973009_M_bin.9	1194	2325	3
k127_12973009_M_bin.9	2346	2460	4
k127_12973009_M_bin.9	2539	4426	5
k127_12973009_M_bin.9	4525	5146	6
k127_12973009_M_bin.9	5293	5890	7
k127_12973009_M_bin.9	6021	6876	8
k127_13070271_M_bin.111	0	1044	1
k127_13070271_M_bin.111	1091	1901	2
k127_13070271_M_bin.111	1919	2084	3
k127_13070271_M_bin.111	2080	3226	4
k127_13070271_M_bin.111	3206	4643	5
k127_13090747_S_bin.56	2	221	1
k127_13090747_S_bin.56	333	1491	2
k127_13090747_S_bin.56	1487	2678	3
k127_13273213_S_bin.29	2	1421	1
k127_13273213_S_bin.29	1661	2768	2
k127_13273213_S_bin.29	2764	3490	3
k127_13273213_S_bin.29	3494	4415	4
k127_13273213_S_bin.29	4660	5758	5
k127_13273213_S_bin.29	5873	7502	6
k127_13273213_S_bin.29	7498	8494	7
k127_13273213_S_bin.29	8568	8772	8
k127_13362487_M_bin.111	608	2435	2
k127_13362487_M_bin.111	2431	4489	3
k127_13362487_M_bin.111	4488	5439	4
k127_13362487_M_bin.111	5449	7075	5
k127_13362487_M_bin.111	7854	8184	6
k127_13362487_M_bin.111	8399	9440	7
k127_13362487_M_bin.111	9820	9988	8
k127_13362487_M_bin.111	10000	10633	9
k127_13362487_M_bin.111	10795	11527	10
k127_13362487_M_bin.111	11535	11838	11
k127_13362487_M_bin.111	11959	12247	12
k127_13362487_M_bin.111	12356	12614	13
k127_13362487_M_bin.111	12706	14068	14
k127_13362487_M_bin.111	14085	14310	15
k127_13562023_M_bin.47	99	654	1
k127_13562023_M_bin.47	907	2062	2
k127_13562023_M_bin.47	2142	2994	3
k127_13668998_M_bin.77	2	3425	1
k127_13668998_M_bin.77	3527	4277	2
k127_13668998_M_bin.77	4276	4513	3
k127_13668998_M_bin.77	4694	5240	4
k127_13668998_M_bin.77	5734	7003	5
k127_13668998_M_bin.77	7121	8075	6
k127_13668998_M_bin.77	8201	8816	7
k127_13931062_M_bin.55	2	917	1
k127_13931062_M_bin.55	966	2694	2
k127_13971914_M_bin.67	827	1586	2
k127_13971914_M_bin.67	1652	2306	3
k127_13971914_M_bin.67	2381	2888	4
k127_13971914_M_bin.67	3040	3322	5
k127_13971914_M_bin.67	3628	4228	6
k127_13971914_M_bin.67	4238	4733	7
k127_13971914_M_bin.67	5506	6181	8
k127_13971914_M_bin.67	6320	6638	9
k127_13971914_M_bin.67	6831	7899	10
k127_13971914_M_bin.67	7971	8652	11
k127_13971914_M_bin.67	8846	9785	12
k127_13971914_M_bin.67	10000	11089	13
k127_1421512_M_bin.87	1	3862	1
k127_14253723_S_bin.27	2	4940	1
k127_14253723_S_bin.27	5037	6633	2
k127_14253723_S_bin.27	6697	7204	3
k127_14253723_S_bin.27	7216	7765	4
k127_14531586_M_bin.66	0	114	1
k127_14531586_M_bin.66	94	1297	2
k127_14531586_M_bin.66	1293	2772	3
k127_14531586_M_bin.66	2768	3716	4
k127_14531586_M_bin.66	3952	4165	5
k127_14531586_M_bin.66	4364	4892	6
k127_14531586_M_bin.66	4913	5108	7
k127_14531586_M_bin.66	5456	6272	8
k127_14531586_M_bin.66	6253	7000	9
k127_14531586_M_bin.66	7127	8099	10
k127_14531586_M_bin.66	8234	9059	11
k127_14531586_M_bin.66	9061	10045	12
k127_14531586_M_bin.66	10059	10608	13
k127_14531586_M_bin.66	10604	10946	14
k127_14697671_M_bin.105	153	1047	1
k127_14697671_M_bin.105	1043	1358	2
k127_14697671_M_bin.105	1354	1705	3
k127_14697671_M_bin.105	1706	3263	4
k127_14697671_M_bin.105	3259	4129	5
k127_14697671_M_bin.105	4125	5193	6
k127_14697671_M_bin.105	5189	5741	7
k127_14697671_M_bin.105	5852	6284	8
k127_14697671_M_bin.105	6267	6933	9
k127_14697671_M_bin.105	6929	7850	10
k127_14697671_M_bin.105	7899	8388	11
k127_14697671_M_bin.105	8521	9034	12
k127_14823593_S_bin.9	2	101	1
k127_14823593_S_bin.9	304	3958	2
k127_14823593_S_bin.9	3998	4913	3
k127_14823593_S_bin.9	4914	6054	4
k127_14823593_S_bin.9	6054	6486	5
k127_14823593_S_bin.9	6535	6979	6
k127_14823593_S_bin.9	6983	7388	7
k127_14823593_S_bin.9	7518	8514	8
k127_14823593_S_bin.9	8516	9272	9
k127_14823593_S_bin.9	9288	10527	10
k127_14823593_S_bin.9	10575	11004	11
k127_14823593_S_bin.9	11000	12023	12
k127_14916321_M_bin.12	29	242	1
k127_14916321_M_bin.12	415	943	2
k127_14916321_M_bin.12	1081	1999	3
k127_14916321_M_bin.12	2064	3774	4
k127_14916321_M_bin.12	4070	4994	5
k127_14916321_M_bin.12	5096	6503	6
k127_14916321_M_bin.12	6930	7812	7
k127_14916321_M_bin.12	7808	7898	8
k127_14933298_S_bin.80	181	580	1
k127_14933298_S_bin.80	623	2465	2
k127_14933298_S_bin.80	2942	3671	3
k127_1493337_M_bin.8	0	7032	1
k127_1493337_M_bin.8	7352	8681	2
k127_14984850_M_bin.111	2	1004	1
k127_14984850_M_bin.111	1331	1634	2
k127_14984850_M_bin.111	1654	2140	3
k127_14984850_M_bin.111	2136	3267	4
k127_14984850_M_bin.111	3297	3972	5
k127_15064906_S_bin.27	2	383	1
k127_15064906_S_bin.27	1182	1377	2
k127_15064906_S_bin.27	1506	2415	3
k127_15064906_S_bin.27	2438	3368	4
k127_15064906_S_bin.27	3441	4299	5
k127_15064906_S_bin.27	4360	5392	6
k127_15064906_S_bin.27	5388	5949	7
k127_15064906_S_bin.27	5999	6512	8
k127_15064906_S_bin.27	6511	6814	9
k127_15064906_S_bin.27	6848	7535	10
k127_15064906_S_bin.27	7564	9892	11
k127_15064906_S_bin.27	10241	11606	12
k127_15064906_S_bin.27	11706	12927	13
k127_15064906_S_bin.27	12923	13742	14
k127_15064906_S_bin.27	13738	15430	15
k127_15064906_S_bin.27	15492	16215	16
k127_15064906_S_bin.27	16231	17425	17
k127_15064906_S_bin.27	17439	17952	18
k127_15107147_M_bin.12	0	267	1
k127_15107147_M_bin.12	701	1433	2
k127_15107147_M_bin.12	1518	2142	3
k127_15107147_M_bin.12	2264	2456	4
k127_15107147_M_bin.12	2582	2978	5
k127_15107147_M_bin.12	3199	3478	6
k127_15107147_M_bin.12	4191	4446	7
k127_15165676_S_bin.9	0	990	1
k127_15165676_S_bin.9	1053	1785	2
k127_15165676_S_bin.9	1883	3104	3
k127_15165676_S_bin.9	3108	3360	4
k127_15165676_S_bin.9	3540	4425	5
k127_15165676_S_bin.9	4627	6163	6
k127_15165676_S_bin.9	6155	7868	7
k127_15572293_M_bin.102	0	87	1
k127_15572293_M_bin.102	83	881	2
k127_15572293_M_bin.102	894	1233	3
k127_15572293_M_bin.102	1251	1533	4
k127_15572293_M_bin.102	1745	1952	5
k127_15572293_M_bin.102	2079	3690	6
k127_15572293_M_bin.102	3686	4391	7
k127_15572293_M_bin.102	4575	4665	8
k127_15572293_M_bin.102	4710	5610	9
k127_15572293_M_bin.102	5813	6896	10
k127_15572293_M_bin.102	6892	8050	11
k127_15572293_M_bin.102	8046	8757	12
k127_15572293_M_bin.102	8737	9109	13
k127_15583247_M_bin.32	2	5687	1
k127_15583247_M_bin.32	5689	5929	2
k127_15636555_S_bin.28	0	4941	1
k127_15636555_S_bin.28	5368	8908	2
k127_15825066_M_bin.111	2	1199	1
k127_15825066_M_bin.111	1480	2404	2
k127_15825066_M_bin.111	2458	3916	3
k127_15825066_M_bin.111	4236	5118	4
k127_15825066_M_bin.111	5114	5501	5
k127_15825066_M_bin.111	5504	6470	6
k127_15825066_M_bin.111	6531	6813	7
k127_15852510_S_bin.28	0	2742	1
k127_16078466_M_bin.77	2	1334	1
k127_16078466_M_bin.77	1381	2557	2
k127_16078466_M_bin.77	2556	2850	3
k127_16078466_M_bin.77	2846	3587	4
k127_16078466_M_bin.77	3615	4578	5
k127_16078466_M_bin.77	4883	5897	6
k127_16078466_M_bin.77	5893	7264	7
k127_16078466_M_bin.77	7260	7890	8
k127_16078466_M_bin.77	8085	9513	9
k127_16078466_M_bin.77	9648	10650	10
k127_16078466_M_bin.77	10646	11516	11
k127_16078466_M_bin.77	11984	12437	12
k127_16078466_M_bin.77	12488	13373	13
k127_16081867_M_bin.32	104	4193	1
k127_16081867_M_bin.32	4387	4984	2
k127_16081867_M_bin.32	5085	5721	3
k127_16171085_M_bin.52	1386	2457	4
k127_16171085_M_bin.52	2450	4079	5
k127_16171085_M_bin.52	4161	5109	6
k127_16171085_M_bin.52	5112	5907	7
k127_16171085_M_bin.52	6009	6216	8
k127_16171085_M_bin.52	6268	7915	9
k127_16171085_M_bin.52	7911	8616	10
k127_16171085_M_bin.52	8989	9889	11
k127_16171085_M_bin.52	10000	11128	12
k127_16171085_M_bin.52	11124	12270	13
k127_16171085_M_bin.52	12266	12983	14
k127_16171085_M_bin.52	12963	13326	15
k127_16171085_M_bin.52	13405	14251	16
k127_16171085_M_bin.52	14247	14622	17
k127_16171085_M_bin.52	14618	15089	18
k127_16171085_M_bin.52	15282	15516	19
k127_1622404_M_bin.47	727	943	1
k127_1622404_M_bin.47	2020	2182	2
k127_1622404_M_bin.47	2783	2918	3
k127_1622404_M_bin.47	3707	4886	4
k127_1622404_M_bin.47	5000	7262	5
k127_1622404_M_bin.47	7258	8725	6
k127_1622404_M_bin.47	8800	9133	7
k127_1622404_M_bin.47	9216	10578	8
k127_16298011_M_bin.44	32	5069	1
k127_16325172_M_bin.22	14555	18191	1
k127_16325172_M_bin.22	18444	19908	2
k127_16325172_M_bin.22	20000	28856	3
k127_16325172_M_bin.22	29022	29376	4
k127_16325172_M_bin.22	29394	29709	5
k127_16325172_M_bin.22	29763	30393	6
k127_16325172_M_bin.22	30427	31189	7
k127_16325172_M_bin.22	31439	31805	8
k127_16325172_M_bin.22	31981	35686	9
k127_16325172_M_bin.22	35734	37369	10
k127_16325172_M_bin.22	37365	39339	11
k127_16325172_M_bin.22	39342	39882	12
k127_16325172_M_bin.22	39878	40892	13
k127_16325172_M_bin.22	41036	41606	14
k127_16599995_M_bin.87	0	222	1
k127_16599995_M_bin.87	337	685	2
k127_16599995_M_bin.87	1021	2608	3
k127_16599995_M_bin.87	2601	4836	4
k127_16599995_M_bin.87	4871	5006	5
k127_16599995_M_bin.87	5024	5867	6
k127_16599995_M_bin.87	5895	6708	7
k127_16599995_M_bin.87	6704	6851	8
k127_16599995_M_bin.87	6850	7513	9
k127_16599995_M_bin.87	7512	9138	10
k127_16599995_M_bin.87	9134	10328	11
k127_16599995_M_bin.87	10401	17583	12
k127_16599995_M_bin.87	17656	17884	13
k127_16599995_M_bin.87	17880	18171	14
k127_16599995_M_bin.87	18327	20268	15
k127_16599995_M_bin.87	20264	21476	16
k127_16599995_M_bin.87	21481	22708	17
k127_16599995_M_bin.87	22985	23246	18
k127_16643914_M_bin.44	0	72	1
k127_16643914_M_bin.44	179	893	2
k127_16643914_M_bin.44	1082	1613	3
k127_16643914_M_bin.44	1804	1948	4
k127_16643914_M_bin.44	1944	3039	5
k127_16918129_M_bin.9	1	3001	1
k127_16922097_S_bin.28	2	7211	1
k127_17007392_M_bin.44	2	854	1
k127_17007392_M_bin.44	1074	3222	2
k127_17007392_M_bin.44	3372	3792	3
k127_17007392_M_bin.44	3797	5477	4
k127_17007392_M_bin.44	5570	6467	5
k127_17007392_M_bin.44	6569	6839	6
k127_17241124_M_bin.52	1	889	1
k127_17241124_M_bin.52	888	1653	2
k127_17241124_M_bin.52	1649	2303	3
k127_17241124_M_bin.52	2414	3299	4
k127_17241124_M_bin.52	3298	3691	5
k127_17241124_M_bin.52	3703	4645	6
k127_17241124_M_bin.52	4881	6486	7
k127_17241124_M_bin.52	6581	6917	8
k127_17241124_M_bin.52	7140	7644	9
k127_17241124_M_bin.52	8042	8978	10
k127_17241124_M_bin.52	9358	10657	11
k127_17241124_M_bin.52	10723	11059	12
k127_17241124_M_bin.52	11135	11993	13
k127_17241124_M_bin.52	12194	13061	14
k127_17410199_M_bin.55	2	2279	1
k127_17410199_M_bin.55	2310	3273	2
k127_17410199_M_bin.55	3269	4037	3
k127_17410199_M_bin.55	4119	5604	4
k127_17410199_M_bin.55	5880	6753	5
k127_17687533_S_bin.30	0	69	1
k127_17687533_S_bin.30	726	2280	2
k127_17687533_S_bin.30	2290	3583	3
k127_17687533_S_bin.30	3584	5936	4
k127_17687533_S_bin.30	6013	7249	5
k127_17687533_S_bin.30	7286	9404	6
k127_17687533_S_bin.30	9712	10411	7
k127_17718735_S_bin.61	418	3523	8
k127_17718735_S_bin.61	3519	5121	9
k127_17718735_S_bin.61	5217	6027	10
k127_17718735_S_bin.61	6118	6508	11
k127_17912597_M_bin.8	0	762	1
k127_17912597_M_bin.8	761	1784	2
k127_17912597_M_bin.8	1780	3370	3
k127_17912597_M_bin.8	3366	4233	4
k127_17912597_M_bin.8	4229	5465	5
k127_17912597_M_bin.8	5482	6241	6
k127_17912597_M_bin.8	6227	6887	7
k127_17912597_M_bin.8	6897	8070	8
k127_17912597_M_bin.8	8088	9363	9
k127_17912597_M_bin.8	9353	10718	10
k127_17912597_M_bin.8	10801	11140	11
k127_17912597_M_bin.8	11157	11769	12
k127_17912597_M_bin.8	11765	12818	13
k127_17912597_M_bin.8	12868	14485	14
k127_17912597_M_bin.8	14705	14882	15
k127_17912597_M_bin.8	15073	15754	16
k127_17912597_M_bin.8	15767	17123	17
k127_17912597_M_bin.8	17441	18545	18
k127_17912597_M_bin.8	18596	19247	19
k127_17912597_M_bin.8	19243	20041	20
k127_17912597_M_bin.8	20173	21736	21
k127_17912597_M_bin.8	21739	22741	22
k127_17912597_M_bin.8	22785	23778	23
k127_17912597_M_bin.8	23888	24773	24
k127_17912597_M_bin.8	24842	26636	25
k127_17912597_M_bin.8	27345	28563	26
k127_17912597_M_bin.8	28691	28904	27
k127_17912597_M_bin.8	29056	29392	28
k127_17912597_M_bin.8	29440	29812	29
k127_17912597_M_bin.8	30172	30658	30
k127_18215608_S_bin.28	0	951	1
k127_18215608_S_bin.28	947	2612	2
k127_18528014_M_bin.9	2129	2339	3
k127_18528014_M_bin.9	2399	6929	4
k127_18528014_M_bin.9	7238	7736	5
k127_18528014_M_bin.9	7807	8557	6
k127_18528014_M_bin.9	8553	9675	7
k127_18528014_M_bin.9	10000	10249	8
k127_18528014_M_bin.9	10248	11364	9
k127_18528014_M_bin.9	11342	11864	10
k127_18528014_M_bin.9	11856	12792	11
k127_18746891_S_bin.80	2	3410	1
k127_18884052_S_bin.30	910	1135	2
k127_18884052_S_bin.30	1354	1621	3
k127_18884052_S_bin.30	2104	3412	4
k127_18884052_S_bin.30	3442	4600	5
k127_18884052_S_bin.30	4625	4874	6
k127_18884052_S_bin.30	5226	5505	7
k127_18884052_S_bin.30	5508	6042	8
k127_18884052_S_bin.30	6110	6356	9
k127_18884052_S_bin.30	6580	7717	10
k127_18884052_S_bin.30	7716	7857	11
k127_18884052_S_bin.30	7877	8585	12
k127_18884052_S_bin.30	8970	9072	13
k127_18884052_S_bin.30	9250	9406	14
k127_18884052_S_bin.30	9702	9801	15
k127_18884052_S_bin.30	9843	10029	16
k127_18884052_S_bin.30	10000	10510	17
k127_18884052_S_bin.30	10594	10819	18
k127_18884052_S_bin.30	10966	12547	19
k127_18884052_S_bin.30	12569	14945	20
k127_18913463_M_bin.100	2	2960	1
k127_18913463_M_bin.100	3083	5639	2
k127_18913463_M_bin.100	5830	7114	3
k127_18913463_M_bin.100	7118	7451	4
k127_19061407_M_bin.21	2	908	1
k127_19061407_M_bin.21	900	2226	2
k127_19061407_M_bin.21	2222	3662	3
k127_19061407_M_bin.21	3725	4781	4
k127_19061407_M_bin.21	5123	5246	5
k127_19167585_S_bin.28	1	352	1
k127_19167585_S_bin.28	348	3795	2
k127_19167585_S_bin.28	3827	4307	3
k127_19272708_S_bin.117	1	940	1
k127_19272708_S_bin.117	936	2124	2
k127_19272708_S_bin.117	2200	2740	3
k127_19272708_S_bin.117	2844	3483	4
k127_19290934_M_bin.100	1	181	1
k127_19290934_M_bin.100	357	1551	2
k127_19290934_M_bin.100	1510	2221	3
k127_19293459_M_bin.100	71	950	1
k127_19293459_M_bin.100	1067	2186	2
k127_19293459_M_bin.100	2441	2996	3
k127_19547487_M_bin.21	0	1011	1
k127_19547487_M_bin.21	1007	2309	2
k127_19547487_M_bin.21	2305	3388	3
k127_19547487_M_bin.21	3384	3507	4
k127_19547487_M_bin.21	3503	5117	5
k127_19547487_M_bin.21	5113	6160	6
k127_19547487_M_bin.21	6156	7002	7
k127_19547487_M_bin.21	7075	8305	8
k127_19547487_M_bin.21	8500	9682	9
k127_19547487_M_bin.21	9854	10778	10
k127_19547487_M_bin.21	10816	11782	11
k127_19547487_M_bin.21	12138	12969	12
k127_19547487_M_bin.21	13100	13835	13
k127_19547487_M_bin.21	14030	15644	14
k127_19547487_M_bin.21	15769	16399	15
k127_19547487_M_bin.21	16484	18050	16
k127_19547487_M_bin.21	18057	19023	17
k127_19547487_M_bin.21	19042	19279	18
k127_19640673_S_bin.61	297	684	1
k127_19640673_S_bin.61	1124	2528	2
k127_19640673_S_bin.61	2615	4013	3
k127_19640673_S_bin.61	4260	4473	4
k127_19640673_S_bin.61	4636	4927	5
k127_19640673_S_bin.61	5000	6710	6
k127_19913960_M_bin.66	1	772	1
k127_19913960_M_bin.66	871	3391	2
k127_19913960_M_bin.66	3387	3465	3
k127_20047681_M_bin.102	2	332	1
k127_20047681_M_bin.102	388	910	2
k127_20047681_M_bin.102	970	1249	3
k127_20047681_M_bin.102	1296	2139	4
k127_20047681_M_bin.102	2135	3473	5
k127_20047681_M_bin.102	3469	6460	6
k127_20047681_M_bin.102	6443	8225	7
k127_20047681_M_bin.102	8599	10183	8
k127_20047681_M_bin.102	10279	12865	9
k127_20179275_S_bin.74	1	3130	1
k127_20219686_M_bin.87	2	119	1
k127_20219686_M_bin.87	203	410	2
k127_20219686_M_bin.87	456	2091	3
k127_20219686_M_bin.87	2087	2792	4
k127_20219686_M_bin.87	3014	3104	5
k127_20219686_M_bin.87	3138	4038	6
k127_20219686_M_bin.87	4218	5304	7
k127_20219686_M_bin.87	5300	6446	8
k127_20219686_M_bin.87	6442	7153	9
k127_20219686_M_bin.87	7133	7496	10
k127_20219686_M_bin.87	7584	7701	11
k127_2035307_M_bin.8	553	1741	1
k127_2035307_M_bin.8	2014	5314	2
k127_2035307_M_bin.8	5310	7869	3
k127_2035307_M_bin.8	7865	8774	4
k127_2035307_M_bin.8	8786	9281	5
k127_2035307_M_bin.8	9333	9546	6
k127_2035307_M_bin.8	9744	9939	7
k127_2035307_M_bin.8	10000	10645	8
k127_2035307_M_bin.8	10629	10776	9
k127_2035307_M_bin.8	10832	11564	10
k127_2035307_M_bin.8	12070	12889	11
k127_2035307_M_bin.8	13016	13268	12
k127_2035307_M_bin.8	13373	13751	13
k127_2035307_M_bin.8	13883	14579	14
k127_2035307_M_bin.8	14608	15673	15
k127_2035307_M_bin.8	15669	16122	16
k127_2035307_M_bin.8	16118	18002	17
k127_2035307_M_bin.8	18222	18375	18
k127_2035307_M_bin.8	18368	18611	19
k127_2035307_M_bin.8	18782	19028	20
k127_2035307_M_bin.8	19212	20283	21
k127_20633400_M_bin.77	63	582	1
k127_20633400_M_bin.77	603	2052	2
k127_20633400_M_bin.77	2154	2562	3
k127_20633400_M_bin.77	2654	3935	4
k127_20633400_M_bin.77	3977	5303	5
k127_20633400_M_bin.77	5305	6199	6
k127_20633400_M_bin.77	6313	7156	7
k127_20633400_M_bin.77	7148	8351	8
k127_20633400_M_bin.77	8373	9258	9
k127_20633400_M_bin.77	9493	10594	10
k127_20633400_M_bin.77	10603	13840	11
k127_20633400_M_bin.77	14080	15394	12
k127_20633400_M_bin.77	15556	16135	13
k127_20633400_M_bin.77	16236	17502	14
k127_20736030_M_bin.32	1	1408	1
k127_20736030_M_bin.32	1516	2458	2
k127_20736030_M_bin.32	2465	2861	3
k127_20736030_M_bin.32	2871	3753	4
k127_20736030_M_bin.32	3898	5263	5
k127_2077595_M_bin.87	63	2061	1
k127_2077595_M_bin.87	2233	2674	2
k127_20803691_M_bin.1	2	710	1
k127_20803691_M_bin.1	706	1777	2
k127_20803691_M_bin.1	1795	2368	3
k127_20803691_M_bin.1	2486	2723	4
k127_21190171_M_bin.47	2	1328	1
k127_21190171_M_bin.47	1640	2552	2
k127_21190171_M_bin.47	2800	3289	3
k127_21190171_M_bin.47	3363	3957	4
k127_21190171_M_bin.47	3993	4212	5
k127_21190171_M_bin.47	4358	7814	6
k127_21190171_M_bin.47	9370	13432	7
k127_21190171_M_bin.47	13717	14392	8
k127_21199368_M_bin.102	2	716	1
k127_21199368_M_bin.102	712	1198	2
k127_21199368_M_bin.102	1218	1524	3
k127_21199368_M_bin.102	1846	2971	4
k127_21276781_M_bin.86	71	596	1
k127_21276781_M_bin.86	592	1720	2
k127_21276781_M_bin.86	1831	2566	3
k127_21283691_M_bin.102	0	261	1
k127_21283691_M_bin.102	346	463	2
k127_21283691_M_bin.102	663	1494	3
k127_21283691_M_bin.102	1562	1976	4
k127_21283691_M_bin.102	2060	2873	5
k127_21283691_M_bin.102	2869	3964	6
k127_21444611_S_bin.28	219	1059	1
k127_21444611_S_bin.28	1055	2390	2
k127_21444611_S_bin.28	2643	3393	3
k127_21444611_S_bin.28	3503	3857	4
k127_21444611_S_bin.28	4255	5185	5
k127_21444611_S_bin.28	5181	5697	6
k127_21444611_S_bin.28	5738	6734	7
k127_21444611_S_bin.28	6957	7470	8
k127_21444611_S_bin.28	7475	8768	9
k127_21444611_S_bin.28	9133	9919	10
k127_21444611_S_bin.28	10112	11021	11
k127_21444611_S_bin.28	11168	11633	12
k127_21444611_S_bin.28	11861	12878	13
k127_21444611_S_bin.28	12929	13784	14
k127_21444611_S_bin.28	13921	14791	15
k127_21444611_S_bin.28	14997	16926	16
k127_21444611_S_bin.28	17194	18322	17
k127_21444611_S_bin.28	18476	18992	18
k127_21444611_S_bin.28	19034	19904	19
k127_21444611_S_bin.28	20000	27056	20
k127_21447690_M_bin.66	1	4177	1
k127_21447690_M_bin.66	4188	4974	1
k127_21447690_M_bin.66	4970	5786	2
k127_21447690_M_bin.66	5778	6738	3
k127_21447690_M_bin.66	6812	7328	4
k127_21481200_M_bin.94	0	195	1
k127_21481200_M_bin.94	212	953	2
k127_21481200_M_bin.94	952	1507	3
k127_21481200_M_bin.94	1543	2545	4
k127_21481200_M_bin.94	2541	4203	5
k127_21481200_M_bin.94	4186	5026	6
k127_21481200_M_bin.94	5096	6137	7
k127_21481200_M_bin.94	6165	7374	8
k127_21481200_M_bin.94	7376	7988	9
k127_21485863_M_bin.102	2	161	1
k127_21485863_M_bin.102	321	627	2
k127_21485863_M_bin.102	637	2146	3
k127_21485863_M_bin.102	2459	3104	4
k127_21485863_M_bin.102	3191	3401	5
k127_21485863_M_bin.102	3447	4122	6
k127_21485863_M_bin.102	4210	5032	7
k127_21500464_M_bin.105	1	1471	1
k127_21500464_M_bin.105	1463	4841	2
k127_21500464_M_bin.105	4849	5668	3
k127_21500464_M_bin.105	5664	6432	4
k127_21500464_M_bin.105	6428	8213	5
k127_21500464_M_bin.105	8286	9300	6
k127_21500464_M_bin.105	9448	10264	7
k127_21500464_M_bin.105	10194	11472	8
k127_21500464_M_bin.105	11468	12206	9
k127_21500464_M_bin.105	12202	13516	10
k127_21500464_M_bin.105	13512	14163	11
k127_21500464_M_bin.105	14326	15322	12
k127_2177044_M_bin.60	0	669	1
k127_2177044_M_bin.60	719	2774	2
k127_2177044_M_bin.60	2850	3240	3
k127_2177044_M_bin.60	3431	7565	4
k127_2177044_M_bin.60	7707	9054	5
k127_2177044_M_bin.60	9092	9680	6
k127_2177044_M_bin.60	9687	10431	7
k127_21852578_M_bin.21	2064	4947	8
k127_21852578_M_bin.21	5002	5710	9
k127_21852578_M_bin.21	5746	6844	10
k127_21852578_M_bin.21	6927	8964	11
k127_21852578_M_bin.21	9066	9537	12
k127_21852578_M_bin.21	9533	9794	13
k127_21852578_M_bin.21	9838	9970	14
k127_21852578_M_bin.21	10000	10777	15
k127_21852578_M_bin.21	10920	12300	16
k127_21852578_M_bin.21	12385	14536	17
k127_21852578_M_bin.21	14532	15897	18
k127_21852578_M_bin.21	15956	18734	19
k127_21852578_M_bin.21	18730	19543	20
k127_21852578_M_bin.21	19505	20027	21
k127_22004272_S_bin.80	1	280	1
k127_22004272_S_bin.80	276	771	2
k127_22004272_S_bin.80	767	1613	3
k127_22004272_S_bin.80	1720	2134	4
k127_22004272_S_bin.80	2143	3073	5
k127_22004272_S_bin.80	3184	3793	6
k127_22004272_S_bin.80	3906	4017	7
k127_22004272_S_bin.80	4024	4339	8
k127_22004272_S_bin.80	4335	4743	9
k127_22107677_M_bin.60	837	1782	2
k127_22107677_M_bin.60	1778	2711	3
k127_22107677_M_bin.60	2707	3748	4
k127_22107677_M_bin.60	3744	5133	5
k127_22107677_M_bin.60	5129	5915	6
k127_22107677_M_bin.60	6033	6630	7
k127_22107677_M_bin.60	6626	7151	8
k127_22107677_M_bin.60	7134	7641	9
k127_22107677_M_bin.60	7637	8873	10
k127_22107677_M_bin.60	8882	9896	11
k127_22107677_M_bin.60	9986	10520	12
k127_22107677_M_bin.60	10614	12180	13
k127_22107677_M_bin.60	12453	12675	14
k127_22107677_M_bin.60	12971	13592	15
k127_22107677_M_bin.60	13927	17587	16
k127_22107677_M_bin.60	18091	18217	17
k127_22107677_M_bin.60	18338	19457	18
k127_22107677_M_bin.60	19458	20004	19
k127_22107677_M_bin.60	20000	21131	20
k127_22107677_M_bin.60	21266	21410	21
k127_22107677_M_bin.60	21807	22773	22
k127_22107677_M_bin.60	22933	24466	23
k127_22107677_M_bin.60	24691	25372	24
k127_22107677_M_bin.60	25414	26452	25
k127_22107677_M_bin.60	26484	28452	26
k127_22107677_M_bin.60	28518	29469	27
k127_22107677_M_bin.60	29465	30116	28
k127_22196915_S_bin.28	1	2716	1
k127_22375068_M_bin.94	1	1279	1
k127_22375068_M_bin.94	1307	2510	2
k127_22375068_M_bin.94	2510	3833	3
k127_22375068_M_bin.94	3894	4806	4
k127_22512175_S_bin.36	2	86	1
k127_22512175_S_bin.36	317	1229	2
k127_22512175_S_bin.36	1371	2124	3
k127_22512175_S_bin.36	2120	2414	4
k127_22512175_S_bin.36	2367	3093	5
k127_22609352_S_bin.28	0	3261	1
k127_22624915_M_bin.22	1	415	1
k127_22624915_M_bin.22	422	1454	2
k127_22624915_M_bin.22	1466	2060	3
k127_22624915_M_bin.22	2059	2923	4
k127_22624915_M_bin.22	2953	4324	5
k127_22624915_M_bin.22	4795	5023	6
k127_22624915_M_bin.22	5169	6000	7
k127_22624915_M_bin.22	5996	7016	8
k127_22624915_M_bin.22	7028	7604	9
k127_22624915_M_bin.22	7593	9867	10
k127_22624915_M_bin.22	9856	10972	11
k127_22624915_M_bin.22	11062	11764	12
k127_22624915_M_bin.22	11979	14214	13
k127_22624915_M_bin.22	14221	16624	14
k127_22683450_M_bin.12	2	131	1
k127_22683450_M_bin.12	242	626	2
k127_22683450_M_bin.12	606	1317	3
k127_22683450_M_bin.12	1313	2462	4
k127_22683450_M_bin.12	2458	3409	5
k127_22746182_M_bin.105	2	116	1
k127_22746182_M_bin.105	289	1312	2
k127_22746182_M_bin.105	1308	1602	3
k127_22746182_M_bin.105	2000	2384	4
k127_22746182_M_bin.105	2358	2652	5
k127_22746182_M_bin.105	2667	3564	6
k127_22746182_M_bin.105	3560	4226	7
k127_22746182_M_bin.105	4942	6352	8
k127_22746182_M_bin.105	6499	6748	9
k127_22746182_M_bin.105	6750	8475	10
k127_22746182_M_bin.105	8499	9729	11
k127_22746182_M_bin.105	9725	11402	12
k127_22746182_M_bin.105	11398	12307	13
k127_22746182_M_bin.105	12303	14493	14
k127_22746182_M_bin.105	14479	15679	15
k127_22746182_M_bin.105	15675	16215	16
k127_22746182_M_bin.105	16211	17342	17
k127_22746182_M_bin.105	17356	21016	18
k127_22746182_M_bin.105	21053	21308	19
k127_22848103_M_bin.8	2	917	1
k127_22848103_M_bin.8	916	1768	2
k127_22848103_M_bin.8	1764	2523	3
k127_22947841_M_bin.12	2	326	1
k127_22947841_M_bin.12	882	2949	2
k127_22947841_M_bin.12	3098	4349	3
k127_22947841_M_bin.12	4392	4548	4
k127_22947841_M_bin.12	4578	5649	5
k127_22947841_M_bin.12	5629	6784	6
k127_22974252_M_bin.12	2	584	1
k127_22974252_M_bin.12	607	1768	2
k127_22974252_M_bin.12	1927	3496	3
k127_22974252_M_bin.12	3485	6665	4
k127_22974252_M_bin.12	6685	8059	5
k127_22974252_M_bin.12	8113	8995	6
k127_22988056_M_bin.77	1	2809	1
k127_22988056_M_bin.77	2814	8979	2
k127_23050205_M_bin.55	2	1064	1
k127_23050205_M_bin.55	1060	2233	2
k127_23050205_M_bin.55	2281	3301	3
k127_23050205_M_bin.55	3458	3890	4
k127_23050205_M_bin.55	3886	4303	5
k127_23050205_M_bin.55	4336	5581	6
k127_23050205_M_bin.55	5599	6343	7
k127_23050205_M_bin.55	6339	7086	8
k127_23050205_M_bin.55	7111	7732	9
k127_23050205_M_bin.55	7836	8370	10
k127_23050205_M_bin.55	8785	9232	11
k127_23050205_M_bin.55	9219	9981	12
k127_23050205_M_bin.55	10192	11437	13
k127_23050205_M_bin.55	11570	12035	14
k127_23291978_M_bin.60	863	3617	3
k127_23291978_M_bin.60	3613	6283	4
k127_23291978_M_bin.60	6268	6979	5
k127_23291978_M_bin.60	7109	8279	6
k127_23291978_M_bin.60	8390	10004	7
k127_23291978_M_bin.60	10000	10987	8
k127_23291978_M_bin.60	11096	11816	9
k127_23305902_S_bin.117	2	401	1
k127_23305902_S_bin.117	397	1123	2
k127_23305902_S_bin.117	1259	2198	3
k127_23305902_S_bin.117	2305	3409	4
k127_23305902_S_bin.117	3402	4119	5
k127_23305902_S_bin.117	4115	5222	6
k127_23305902_S_bin.117	5362	6136	7
k127_23305902_S_bin.117	6180	6690	8
k127_23305902_S_bin.117	6723	7248	9
k127_23305902_S_bin.117	7247	7733	10
k127_23305902_S_bin.117	7777	9538	11
k127_23305902_S_bin.117	9681	10236	12
k127_23305902_S_bin.117	10226	10733	13
k127_23305902_S_bin.117	10796	11198	14
k127_23305902_S_bin.117	11208	11865	15
k127_23305902_S_bin.117	11669	12464	16
k127_23305902_S_bin.117	12581	13868	17
k127_23305902_S_bin.117	13872	14370	18
k127_23305902_S_bin.117	14568	15381	19
k127_23327784_M_bin.8	1	862	1
k127_23327784_M_bin.8	858	1704	2
k127_23327784_M_bin.8	1706	2696	3
k127_23333697_M_bin.12	62	440	4
k127_23333697_M_bin.12	576	1737	5
k127_23333697_M_bin.12	2067	2370	6
k127_23333697_M_bin.12	2479	2974	7
k127_23333697_M_bin.12	2970	4104	8
k127_23333697_M_bin.12	4275	5559	9
k127_23333697_M_bin.12	5555	6320	10
k127_23333697_M_bin.12	6325	6598	11
k127_23333697_M_bin.12	6620	7643	12
k127_23333697_M_bin.12	7816	8800	13
k127_23333697_M_bin.12	8796	9552	14
k127_23333697_M_bin.12	9589	10870	15
k127_23333697_M_bin.12	10950	11244	16
k127_23333697_M_bin.12	11488	12934	17
k127_23333697_M_bin.12	13123	13822	18
k127_23333697_M_bin.12	13825	14296	19
k127_23333697_M_bin.12	14631	14724	20
k127_23414692_S_bin.28	2	425	1
k127_23414692_S_bin.28	421	1354	2
k127_23414692_S_bin.28	1389	1956	3
k127_23414692_S_bin.28	1952	2285	4
k127_23414692_S_bin.28	2281	2827	5
k127_23414692_S_bin.28	2823	4047	6
k127_23414692_S_bin.28	4342	5320	7
k127_23414692_S_bin.28	5727	9138	8
k127_23414692_S_bin.28	9134	12548	9
k127_23590408_M_bin.22	1727	3500	2
k127_23590408_M_bin.22	3533	3734	3
k127_23590408_M_bin.22	3933	4293	4
k127_23590408_M_bin.22	4434	5220	5
k127_23590408_M_bin.22	5295	5400	6
k127_23590408_M_bin.22	5414	5639	7
k127_23590408_M_bin.22	5660	5912	8
k127_23590408_M_bin.22	6079	8071	9
k127_23590408_M_bin.22	8045	8657	10
k127_23590408_M_bin.22	8733	9144	11
k127_23590408_M_bin.22	9354	9585	12
k127_23590408_M_bin.22	9809	9959	13
k127_23590408_M_bin.22	10308	10566	14
k127_23590408_M_bin.22	10620	11292	15
k127_23590408_M_bin.22	11455	11929	16
k127_23590408_M_bin.22	13258	13819	17
k127_23590408_M_bin.22	13915	14182	18
k127_23590408_M_bin.22	14225	14465	19
k127_23590408_M_bin.22	14542	14677	20
k127_23590408_M_bin.22	14666	16148	21
k127_23590408_M_bin.22	16383	17397	22
k127_23590408_M_bin.22	17489	19214	23
k127_23590408_M_bin.22	19210	19471	24
k127_23590408_M_bin.22	19467	20007	25
k127_23590408_M_bin.22	20000	21104	26
k127_23590408_M_bin.22	21135	22539	27
k127_23590408_M_bin.22	22701	22923	28
k127_23590408_M_bin.22	22953	23484	29
k127_23590408_M_bin.22	23611	23764	30
k127_23590408_M_bin.22	23941	24154	31
k127_23590408_M_bin.22	24476	24692	32
k127_23590408_M_bin.22	24651	25011	33
k127_23590408_M_bin.22	25695	26820	34
k127_23590408_M_bin.22	26849	27587	35
k127_23590408_M_bin.22	27556	28447	36
k127_23590408_M_bin.22	28710	29271	37
k127_23590408_M_bin.22	29216	31037	38
k127_23590408_M_bin.22	31063	31822	39
k127_23607641_M_bin.100	0	1380	1
k127_23607641_M_bin.100	1423	2656	2
k127_23607641_M_bin.100	2722	3568	3
k127_23607641_M_bin.100	3607	3718	4
k127_23750127_S_bin.28	2	2960	1
k127_23808480_S_bin.80	2	410	1
k127_23808480_S_bin.80	650	2129	2
k127_23808480_S_bin.80	2132	2381	3
k127_23808480_S_bin.80	2377	3751	4
k127_23808480_S_bin.80	3834	6579	5
k127_23855834_S_bin.36	2	242	1
k127_23855834_S_bin.36	238	1342	2
k127_23855834_S_bin.36	1319	2489	3
k127_23855834_S_bin.36	2481	3066	4
k127_23855834_S_bin.36	3069	4008	5
k127_23855834_S_bin.36	4070	5018	6
k127_23855834_S_bin.36	5032	7057	7
k127_23855834_S_bin.36	7069	9112	8
k127_23855834_S_bin.36	9108	10146	9
k127_23855834_S_bin.36	10226	10310	10
k127_24084409_M_bin.100	2	1034	1
k127_24084409_M_bin.100	1356	2565	2
k127_24084409_M_bin.100	2778	3600	3
k127_24084409_M_bin.100	3599	5795	4
k127_24084409_M_bin.100	5831	12638	5
k127_24084409_M_bin.100	12641	13406	6
k127_24138381_M_bin.109	2	557	1
k127_24138381_M_bin.109	633	1758	2
k127_24138381_M_bin.109	1757	2681	3
k127_24138381_M_bin.109	2774	3224	4
k127_24138381_M_bin.109	3498	4593	5
k127_24138381_M_bin.109	4589	5282	6
k127_24138381_M_bin.109	5266	6352	7
k127_24138381_M_bin.109	6383	6461	8
k127_24384236_S_bin.9	67	883	1
k127_24384236_S_bin.9	886	1621	2
k127_24384236_S_bin.9	1774	3781	3
k127_24384236_S_bin.9	3782	5255	4
k127_24384236_S_bin.9	5415	5757	5
k127_24384236_S_bin.9	5810	6290	6
k127_24715934_M_bin.8	0	1983	1
k127_24715934_M_bin.8	2131	2896	2
k127_24715934_M_bin.8	2929	5416	3
k127_24715934_M_bin.8	5624	5891	4
k127_24759845_S_bin.74	178	3229	1
k127_25177547_M_bin.44	1	3193	1
k127_25177547_M_bin.44	3195	5748	2
k127_2529399_S_bin.80	2	197	1
k127_2529399_S_bin.80	231	1851	2
k127_2529399_S_bin.80	1965	3234	3
k127_2529399_S_bin.80	3236	3695	4
k127_2529399_S_bin.80	4028	4877	5
k127_2529399_S_bin.80	4984	5410	6
k127_2529399_S_bin.80	5431	6412	7
k127_2529399_S_bin.80	6479	6914	8
k127_2529399_S_bin.80	6915	9150	9
k127_2529399_S_bin.80	9146	9368	10
k127_2529399_S_bin.80	9504	10134	11
k127_2536849_S_bin.56	24	384	1
k127_2536849_S_bin.56	343	1378	2
k127_2536849_S_bin.56	1374	2217	3
k127_2536849_S_bin.56	2225	2501	4
k127_2536849_S_bin.56	2505	2916	5
k127_25443563_M_bin.12	1	154	1
k127_25443563_M_bin.12	320	1346	2
k127_25443563_M_bin.12	1342	2257	3
k127_25443563_M_bin.12	2253	3108	4
k127_25506700_M_bin.44	13	730	1
k127_25506700_M_bin.44	805	1015	2
k127_25506700_M_bin.44	1085	4304	3
k127_25511270_M_bin.12	0	690	1
k127_25511270_M_bin.12	689	1994	2
k127_25511270_M_bin.12	2033	4031	3
k127_25511270_M_bin.12	4343	5018	4
k127_25511270_M_bin.12	5119	5917	5
k127_25524303_M_bin.52	2	161	1
k127_25524303_M_bin.52	341	749	2
k127_25524303_M_bin.52	882	1128	3
k127_25524303_M_bin.52	1234	2578	4
k127_25524303_M_bin.52	2624	3035	5
k127_25524303_M_bin.52	3031	3766	6
k127_25524303_M_bin.52	3905	4799	7
k127_25524303_M_bin.52	5082	6420	8
k127_25524303_M_bin.52	6737	10664	9
k127_25524303_M_bin.52	10700	12188	10
k127_25620701_M_bin.32	290	2546	1
k127_25620701_M_bin.32	2660	3965	2
k127_25620701_M_bin.32	4323	11751	3
k127_25620701_M_bin.32	11747	13121	4
k127_25620701_M_bin.32	13198	14002	5
k127_25911180_S_bin.28	2	3668	1
k127_25911180_S_bin.28	3920	4424	2
k127_25911180_S_bin.28	4564	5695	3
k127_25911180_S_bin.28	5605	5932	4
k127_26032337_M_bin.100	262	1084	1
k127_26032337_M_bin.100	1083	3279	2
k127_26032337_M_bin.100	3393	5283	3
k127_26075804_M_bin.109	0	162	1
k127_26075804_M_bin.109	158	1133	2
k127_26075804_M_bin.109	1140	1683	3
k127_26075804_M_bin.109	1744	2413	4
k127_26075804_M_bin.109	2407	4906	5
k127_26075804_M_bin.109	4902	5562	6
k127_26075804_M_bin.109	5596	6355	7
k127_26075804_M_bin.109	6448	6550	8
k127_26075804_M_bin.109	6575	7583	9
k127_26075804_M_bin.109	7752	8577	10
k127_26383661_S_bin.8	0	1110	1
k127_26383661_S_bin.8	1172	1778	2
k127_26383661_S_bin.8	1810	3055	3
k127_26383661_S_bin.8	3153	4674	4
k127_26383661_S_bin.8	4738	5470	5
k127_26383661_S_bin.8	5564	6785	6
k127_26383661_S_bin.8	6789	7044	7
k127_26500712_M_bin.55	1	250	1
k127_26500712_M_bin.55	321	861	2
k127_26500712_M_bin.55	1108	1840	3
k127_26500712_M_bin.55	1803	2316	4
k127_26500712_M_bin.55	2326	4096	5
k127_26500712_M_bin.55	4279	4564	6
k127_26500712_M_bin.55	4710	5739	7
k127_26500712_M_bin.55	5825	6407	8
k127_26500712_M_bin.55	6403	7354	9
k127_26500712_M_bin.55	7493	7724	10
k127_26500712_M_bin.55	7867	9694	11
k127_26500712_M_bin.55	9726	10635	12
k127_26519342_S_bin.74	0	2703	1
k127_26519342_S_bin.74	2705	3350	2
k127_2653727_S_bin.36	2	3098	1
k127_2653851_M_bin.52	670	1348	2
k127_2653851_M_bin.52	1366	1852	3
k127_2653851_M_bin.52	1868	2531	4
k127_2653851_M_bin.52	2562	3306	5
k127_2653851_M_bin.52	3343	3820	6
k127_2653851_M_bin.52	3839	4634	7
k127_2653851_M_bin.52	4630	5935	8
k127_2653851_M_bin.52	5931	6537	9
k127_2653851_M_bin.52	6544	7720	10
k127_2653851_M_bin.52	7795	8221	11
k127_2653851_M_bin.52	8499	10020	12
k127_2653851_M_bin.52	10000	11077	13
k127_2653851_M_bin.52	11495	12800	14
k127_2653851_M_bin.52	12884	13088	15
k127_26613404_M_bin.44	1	1069	1
k127_26613404_M_bin.44	1574	2882	2
k127_26613404_M_bin.44	3023	3554	3
k127_26613404_M_bin.44	3711	4347	4
k127_26907242_M_bin.67	1	712	1
k127_26907242_M_bin.67	823	1633	2
k127_26907242_M_bin.67	1709	2204	3
k127_26907242_M_bin.67	2311	2617	4
k127_26907242_M_bin.67	2705	3686	5
k127_26907242_M_bin.67	3882	4527	6
k127_26907242_M_bin.67	4719	5634	7
k127_26907242_M_bin.67	5719	6163	8
k127_26907242_M_bin.67	6211	7228	9
k127_26907242_M_bin.67	7305	8385	10
k127_26907242_M_bin.67	8387	8942	11
k127_26907242_M_bin.67	8938	9439	12
k127_26907242_M_bin.67	9511	10777	13
k127_26907242_M_bin.67	10778	12683	14
k127_26907242_M_bin.67	12747	13515	15
k127_26927097_M_bin.12	2	248	1
k127_26927097_M_bin.12	335	1712	2
k127_26927097_M_bin.12	1708	9178	3
k127_26927097_M_bin.12	9656	11702	4
k127_26927097_M_bin.12	11842	12889	5
k127_26927097_M_bin.12	13905	15639	6
k127_26927097_M_bin.12	15635	16028	7
k127_27091081_M_bin.52	2	230	1
k127_27091081_M_bin.52	329	1358	2
k127_27091081_M_bin.52	1354	2251	3
k127_27091081_M_bin.52	2247	3099	4
k127_27091081_M_bin.52	3098	4385	5
k127_27091081_M_bin.52	4426	6424	6
k127_27091081_M_bin.52	6593	7370	7
k127_27091081_M_bin.52	7576	10198	8
k127_27091081_M_bin.52	10244	11939	9
k127_27091081_M_bin.52	11964	12534	10
k127_27091081_M_bin.52	12592	13621	11
k127_27091081_M_bin.52	13628	14765	12
k127_27091081_M_bin.52	14766	15870	13
k127_27091081_M_bin.52	16076	16412	14
k127_27193706_M_bin.44	1	850	1
k127_27193706_M_bin.44	993	2097	2
k127_27193706_M_bin.44	2091	2340	3
k127_27193706_M_bin.44	2872	3028	4
k127_27193706_M_bin.44	3880	4069	5
k127_27193706_M_bin.44	4137	5100	6
k127_27193706_M_bin.44	5103	6963	7
k127_27193706_M_bin.44	7061	8456	8
k127_27193706_M_bin.44	8964	9450	9
k127_27193706_M_bin.44	9459	11115	10
k127_27193706_M_bin.44	11316	11640	11
k127_27193706_M_bin.44	11768	12395	12
k127_27193706_M_bin.44	12415	12826	13
k127_27193706_M_bin.44	13030	13636	14
k127_27204362_S_bin.30	658	1066	1
k127_27204362_S_bin.30	1181	1649	2
k127_27204362_S_bin.30	1599	2241	3
k127_27204362_S_bin.30	2237	2675	4
k127_27204362_S_bin.30	2684	2954	5
k127_27204362_S_bin.30	3020	3863	6
k127_27204362_S_bin.30	3849	5217	7
k127_27204362_S_bin.30	5209	5524	8
k127_27204362_S_bin.30	5533	6502	9
k127_27204362_S_bin.30	7036	7543	10
k127_27204362_S_bin.30	7739	9806	11
k127_27204362_S_bin.30	9818	9995	12
k127_27204362_S_bin.30	10000	11143	13
k127_27204362_S_bin.30	11129	11408	14
k127_27204362_S_bin.30	11410	11914	15
k127_27234148_M_bin.32	0	1620	1
k127_27234148_M_bin.32	1616	3812	2
k127_27309771_M_bin.67	0	198	1
k127_27309771_M_bin.67	521	1118	2
k127_27309771_M_bin.67	1121	1652	3
k127_27309771_M_bin.67	1749	2628	4
k127_27309771_M_bin.67	2624	4226	5
k127_27309771_M_bin.67	4242	4611	6
k127_27309771_M_bin.67	4607	4913	7
k127_27309771_M_bin.67	4909	5773	8
k127_27309771_M_bin.67	5805	6291	9
k127_2745460_M_bin.9	1	859	1
k127_2745460_M_bin.9	1008	2223	2
k127_2745460_M_bin.9	2238	3693	3
k127_2745460_M_bin.9	3845	4067	4
k127_2745460_M_bin.9	4147	4702	5
k127_27656770_S_bin.50	0	93	1
k127_27656770_S_bin.50	92	1643	2
k127_27656770_S_bin.50	1662	2448	3
k127_27656770_S_bin.50	2545	3148	4
k127_27656770_S_bin.50	3213	4170	5
k127_27656770_S_bin.50	4192	6307	6
k127_27656770_S_bin.50	6414	7503	7
k127_27656770_S_bin.50	7514	8219	8
k127_27656770_S_bin.50	8221	9325	9
k127_27683385_S_bin.30	168	840	1
k127_27683385_S_bin.30	846	1155	2
k127_27683385_S_bin.30	1471	2404	3
k127_27683385_S_bin.30	2400	2598	4
k127_27683385_S_bin.30	2600	3359	5
k127_27683385_S_bin.30	3368	4331	6
k127_27683385_S_bin.30	4344	4812	7
k127_27683385_S_bin.30	4861	5464	8
k127_27683385_S_bin.30	5517	5892	9
k127_27683385_S_bin.30	5958	6372	10
k127_27683385_S_bin.30	6434	6848	11
k127_27683385_S_bin.30	6901	7453	12
k127_27683385_S_bin.30	7808	8393	13
k127_27683385_S_bin.30	8405	9422	14
k127_27683385_S_bin.30	9534	10062	15
k127_27683385_S_bin.30	10000	10930	16
k127_27683385_S_bin.30	10926	12405	17
k127_27683385_S_bin.30	12416	13565	18
k127_27683385_S_bin.30	13548	14844	19
k127_27683385_S_bin.30	14853	15762	20
k127_27683385_S_bin.30	16005	16554	21
k127_27683385_S_bin.30	16703	16922	22
k127_27683385_S_bin.30	16981	18676	23
k127_27683385_S_bin.30	18781	19300	24
k127_27683385_S_bin.30	19395	20337	25
k127_27683385_S_bin.30	20338	21259	26
k127_27683385_S_bin.30	21529	22936	27
k127_27776944_M_bin.77	314	989	1
k127_27776944_M_bin.77	1036	1327	2
k127_27776944_M_bin.77	1341	1851	3
k127_27776944_M_bin.77	1932	3387	4
k127_27776944_M_bin.77	3386	4289	5
k127_27776944_M_bin.77	4285	5278	6
k127_27776944_M_bin.77	5300	6212	7
k127_27776944_M_bin.77	6228	7146	8
k127_27776944_M_bin.77	7198	8737	9
k127_27776944_M_bin.77	8929	9865	10
k127_27776944_M_bin.77	10000	10915	11
k127_27776944_M_bin.77	10987	11908	12
k127_27776944_M_bin.77	11945	13973	13
k127_27776944_M_bin.77	13973	14693	14
k127_27776944_M_bin.77	14715	15513	15
k127_27776944_M_bin.77	15509	16025	16
k127_27776944_M_bin.77	16021	16984	17
k127_27776944_M_bin.77	16980	18159	18
k127_27776944_M_bin.77	18206	19811	19
k127_27776944_M_bin.77	19878	21606	20
k127_27776944_M_bin.77	21792	22890	21
k127_27776944_M_bin.77	22867	24421	22
k127_27776944_M_bin.77	24521	25193	23
k127_27776944_M_bin.77	25304	26339	24
k127_27776944_M_bin.77	26617	27316	25
k127_27776944_M_bin.77	27462	29322	26
k127_27776944_M_bin.77	29348	29765	27
k127_27776944_M_bin.77	29896	30373	28
k127_27776944_M_bin.77	30471	31602	29
k127_27809232_S_bin.28	0	2670	1
k127_27821001_S_bin.61	0	312	1
k127_27821001_S_bin.61	468	1086	2
k127_27821001_S_bin.61	3298	3598	3
k127_27821001_S_bin.61	3653	4265	4
k127_27821001_S_bin.61	4333	6925	5
k127_27821001_S_bin.61	6938	7718	6
k127_27821001_S_bin.61	7893	8709	7
k127_27821001_S_bin.61	8711	10733	8
k127_27821001_S_bin.61	10738	10906	9
k127_27821001_S_bin.61	11104	12379	10
k127_27846790_S_bin.27	1	1747	1
k127_27846790_S_bin.27	1743	9153	2
k127_27846790_S_bin.27	9529	10180	3
k127_27846790_S_bin.27	10205	10919	4
k127_27846790_S_bin.27	10961	11903	5
k127_27846790_S_bin.27	11904	12297	6
k127_27846790_S_bin.27	12293	13124	7
k127_27846790_S_bin.27	13142	14273	8
k127_27846790_S_bin.27	14319	15741	9
k127_27846790_S_bin.27	15744	16062	10
k127_27846790_S_bin.27	16365	18267	11
k127_27846790_S_bin.27	18616	19138	12
k127_27846790_S_bin.27	19359	19929	13
k127_27846790_S_bin.27	19969	22567	14
k127_27846790_S_bin.27	22575	24897	15
k127_27846790_S_bin.27	24992	26984	16
k127_2858824_S_bin.117	0	3570	1
k127_2858824_S_bin.117	3566	4235	2
k127_28672421_S_bin.80	0	987	1
k127_28672421_S_bin.80	1030	2029	2
k127_28672421_S_bin.80	2154	2925	3
k127_28672421_S_bin.80	3065	3425	4
k127_2942825_M_bin.111	361	1408	1
k127_2942825_M_bin.111	1410	3564	2
k127_2942825_M_bin.111	4119	8454	3
k127_29823166_S_bin.56	77	1226	1
k127_29823166_S_bin.56	1229	1520	2
k127_29823166_S_bin.56	1516	2140	3
k127_29823166_S_bin.56	2265	3594	4
k127_29823166_S_bin.56	3716	4772	5
k127_29823166_S_bin.56	4771	5455	6
k127_29823166_S_bin.56	5436	6525	7
k127_29823166_S_bin.56	6852	7236	8
k127_29823166_S_bin.56	7232	7967	9
k127_29823166_S_bin.56	7963	8290	10
k127_29823166_S_bin.56	8289	8667	11
k127_29823166_S_bin.56	8663	8951	12
k127_29823166_S_bin.56	9014	9923	13
k127_29823166_S_bin.56	10047	10509	14
k127_29823166_S_bin.56	10510	10651	15
k127_29823166_S_bin.56	10705	11131	16
k127_29823166_S_bin.56	11252	12758	17
k127_30023566_S_bin.61	2	1757	1
k127_30023566_S_bin.61	1851	1998	2
k127_30023566_S_bin.61	2073	2988	3
k127_30023566_S_bin.61	2984	3710	4
k127_30023566_S_bin.61	3706	3994	5
k127_30023566_S_bin.61	3993	5154	6
k127_30023566_S_bin.61	5159	5366	7
k127_30023566_S_bin.61	5470	6283	8
k127_30023566_S_bin.61	6284	7178	9
k127_30023566_S_bin.61	7318	8326	10
k127_30414836_S_bin.27	0	837	1
k127_30414836_S_bin.27	790	1651	2
k127_30414836_S_bin.27	1673	2855	3
k127_30414836_S_bin.27	2851	3121	4
k127_30414836_S_bin.27	3135	4953	5
k127_30414836_S_bin.27	5152	7120	6
k127_30414836_S_bin.27	7127	8450	7
k127_30414836_S_bin.27	8558	9359	8
k127_30414836_S_bin.27	9268	9574	9
k127_3051831_M_bin.21	0	1122	1
k127_3051831_M_bin.21	1290	1734	2
k127_3051831_M_bin.21	1944	3210	3
k127_3051831_M_bin.21	3223	5077	4
k127_3051831_M_bin.21	5093	6440	5
k127_3051831_M_bin.21	6468	7578	6
k127_3051831_M_bin.21	7599	8028	7
k127_3051831_M_bin.21	8187	9360	8
k127_3051831_M_bin.21	9409	11194	9
k127_3051831_M_bin.21	11190	12798	10
k127_3051831_M_bin.21	12856	13645	11
k127_3051831_M_bin.21	13668	15687	12
k127_3051831_M_bin.21	15787	16708	13
k127_3051831_M_bin.21	16788	17697	14
k127_3051831_M_bin.21	17760	19512	15
k127_3051831_M_bin.21	19508	19907	16
k127_3051831_M_bin.21	20129	21773	17
k127_3051831_M_bin.21	21827	23102	18
k127_3051831_M_bin.21	23112	24123	19
k127_3056992_M_bin.105	1	814	1
k127_3056992_M_bin.105	837	1887	2
k127_3056992_M_bin.105	2004	2676	3
k127_3056992_M_bin.105	2832	3009	4
k127_3056992_M_bin.105	3010	3598	5
k127_3056992_M_bin.105	3594	4407	6
k127_3056992_M_bin.105	4484	5123	7
k127_3056992_M_bin.105	5215	5524	8
k127_3056992_M_bin.105	5548	6196	9
k127_3056992_M_bin.105	6252	7032	10
k127_3056992_M_bin.105	7052	8141	11
k127_3056992_M_bin.105	8137	9025	12
k127_3056992_M_bin.105	9041	9512	13
k127_3056992_M_bin.105	9313	10441	14
k127_3056992_M_bin.105	10437	10596	15
k127_3056992_M_bin.105	10600	14524	16
k127_3056992_M_bin.105	14520	15819	17
k127_3056992_M_bin.105	15927	16566	18
k127_3056992_M_bin.105	16562	17513	19
k127_3056992_M_bin.105	17509	19684	20
k127_3056992_M_bin.105	19734	20277	21
k127_30872969_S_bin.28	2	11924	1
k127_30872969_S_bin.28	12148	12979	2
k127_30872969_S_bin.28	12975	14394	3
k127_30872969_S_bin.28	14407	14614	4
k127_30872969_S_bin.28	14849	15347	5
k127_30872969_S_bin.28	15445	16051	6
k127_30872969_S_bin.28	16307	17483	7
k127_30872969_S_bin.28	18146	18938	8
k127_31104040_S_bin.80	199	4111	1
k127_31786668_S_bin.117	119	1124	2
k127_31786668_S_bin.117	1227	1497	3
k127_31786668_S_bin.117	1634	3089	4
k127_31786668_S_bin.117	3148	4966	5
k127_31786668_S_bin.117	4962	5760	6
k127_31786668_S_bin.117	5910	6468	7
k127_31786668_S_bin.117	6534	6987	8
k127_31786668_S_bin.117	7016	7496	9
k127_31786668_S_bin.117	7477	8599	10
k127_31786668_S_bin.117	8732	9974	11
k127_31786668_S_bin.117	10000	10975	12
k127_31786668_S_bin.117	10971	11550	13
k127_31786668_S_bin.117	11546	12212	14
k127_32054254_S_bin.28	2	341	1
k127_32054254_S_bin.28	291	1254	2
k127_32054254_S_bin.28	1195	1561	3
k127_32054254_S_bin.28	1633	1789	4
k127_32054254_S_bin.28	1877	3557	5
k127_32054254_S_bin.28	3602	4367	6
k127_32054254_S_bin.28	4671	4809	7
k127_32054254_S_bin.28	5366	5558	8
k127_32054254_S_bin.28	5554	5704	9
k127_32054254_S_bin.28	5703	5964	10
k127_32054254_S_bin.28	5973	6861	11
k127_32054254_S_bin.28	7159	8071	12
k127_32054254_S_bin.28	8079	8835	13
k127_32054254_S_bin.28	8831	9116	14
k127_32054254_S_bin.28	9108	10278	15
k127_32054254_S_bin.28	10240	12067	16
k127_32054254_S_bin.28	12122	12284	17
k127_32054254_S_bin.28	12323	12599	18
k127_32054254_S_bin.28	12687	14436	19
k127_32054254_S_bin.28	14635	15910	20
k127_32054254_S_bin.28	15962	16115	21
k127_32054254_S_bin.28	16087	16249	22
k127_32054254_S_bin.28	16311	18006	23
k127_32054254_S_bin.28	18450	18735	24
k127_32054254_S_bin.28	18899	19301	25
k127_32054254_S_bin.28	19605	19851	26
k127_32054254_S_bin.28	19875	20238	27
k127_32101288_S_bin.30	1	463	1
k127_32101288_S_bin.30	620	731	2
k127_32101288_S_bin.30	734	1187	3
k127_32101288_S_bin.30	1483	1651	4
k127_32101288_S_bin.30	1684	1990	5
k127_32101288_S_bin.30	2167	2311	6
k127_32101288_S_bin.30	2519	3281	7
k127_32101288_S_bin.30	3663	4743	8
k127_32101288_S_bin.30	4772	7262	9
k127_32101288_S_bin.30	7417	8758	10
k127_32101288_S_bin.30	8821	10228	11
k127_32101288_S_bin.30	10558	10912	12
k127_32101288_S_bin.30	10915	11434	13
k127_32101288_S_bin.30	11446	12628	14
k127_32101288_S_bin.30	12783	13458	15
k127_32101288_S_bin.30	14475	16488	16
k127_32101288_S_bin.30	16528	16741	17
k127_32101288_S_bin.30	16747	17059	18
k127_32101288_S_bin.30	17108	18338	19
k127_32101288_S_bin.30	18334	19066	20
k127_32101288_S_bin.30	19062	19539	21
k127_32101288_S_bin.30	19535	20705	22
k127_32101288_S_bin.30	20706	21363	23
k127_32101288_S_bin.30	21359	23678	24
k127_32101288_S_bin.30	23646	24252	25
k127_32101288_S_bin.30	24248	24671	26
k127_32101288_S_bin.30	24674	26342	27
k127_32101288_S_bin.30	26356	26710	28
k127_32101288_S_bin.30	26696	27647	29
k127_32152072_S_bin.8	53	2189	1
k127_32152072_S_bin.8	2293	3454	2
k127_32152072_S_bin.8	3450	4881	3
k127_32152072_S_bin.8	4959	5121	4
k127_32152072_S_bin.8	5208	6213	5
k127_32152072_S_bin.8	6205	7162	6
k127_32152072_S_bin.8	7239	7461	7
k127_32152072_S_bin.8	7494	7737	8
k127_32152072_S_bin.8	7775	7991	9
k127_32152072_S_bin.8	8106	8886	10
k127_32152072_S_bin.8	9113	9833	11
k127_3219214_M_bin.77	0	1446	1
k127_3219214_M_bin.77	1529	3749	2
k127_3219214_M_bin.77	3781	4003	3
k127_3219219_M_bin.77	1	1879	1
k127_3219219_M_bin.77	1878	9003	2
k127_32199448_S_bin.28	70	1477	1
k127_32199448_S_bin.28	1473	2682	2
k127_32199448_S_bin.28	2674	4459	3
k127_32199448_S_bin.28	4654	6031	4
k127_32199448_S_bin.28	6379	8788	5
k127_32221389_S_bin.28	2	2879	1
k127_32221389_S_bin.28	3139	3574	2
k127_33113800_S_bin.27	2	854	1
k127_33113800_S_bin.27	850	2329	2
k127_33113800_S_bin.27	2325	3528	3
k127_33113800_S_bin.27	3508	4804	4
k127_33113800_S_bin.27	4952	5096	5
k127_3318235_M_bin.21	2	1283	1
k127_3318235_M_bin.21	1416	2691	2
k127_3318235_M_bin.21	2804	3413	3
k127_3318235_M_bin.21	3571	4888	4
k127_3318235_M_bin.21	5395	6238	5
k127_3318235_M_bin.21	6287	7127	6
k127_3318235_M_bin.21	7119	8604	7
k127_3318235_M_bin.21	8582	9326	8
k127_3318235_M_bin.21	9452	10553	9
k127_3318235_M_bin.21	10650	12159	10
k127_3318235_M_bin.21	12158	12677	11
k127_3318235_M_bin.21	12795	13761	12
k127_3318235_M_bin.21	13862	14564	13
k127_3318235_M_bin.21	14560	16081	14
k127_3318235_M_bin.21	16148	16574	15
k127_34284438_S_bin.29	2	158	1
k127_34284438_S_bin.29	199	592	2
k127_34284438_S_bin.29	689	884	3
k127_34284438_S_bin.29	974	1739	4
k127_34284438_S_bin.29	1965	2367	5
k127_34284438_S_bin.29	2471	2822	6
k127_34284438_S_bin.29	2911	4438	7
k127_34284438_S_bin.29	4487	5012	8
k127_34284438_S_bin.29	5008	6136	9
k127_34284438_S_bin.29	6247	6514	10
k127_34597133_S_bin.80	1	1663	1
k127_34597133_S_bin.80	1839	2760	2
k127_34770437_S_bin.28	0	4701	1
k127_34975464_S_bin.28	1	385	1
k127_34975464_S_bin.28	432	1455	2
k127_34975464_S_bin.28	1630	2251	3
k127_34975464_S_bin.28	2261	3743	4
k127_34975464_S_bin.28	3739	4423	5
k127_34975464_S_bin.28	4419	6048	6
k127_34975464_S_bin.28	6058	6859	7
k127_34975464_S_bin.28	6968	7394	8
k127_34975464_S_bin.28	7555	8239	9
k127_34975464_S_bin.28	8420	9857	10
k127_34975464_S_bin.28	10307	10439	11
k127_34975464_S_bin.28	10518	10731	12
k127_34975464_S_bin.28	11001	19593	13
k127_34975464_S_bin.28	19593	19863	14
k127_34975464_S_bin.28	19831	20107	15
k127_34975464_S_bin.28	20718	20859	16
k127_34975464_S_bin.28	20883	21333	17
k127_34975464_S_bin.28	21588	23685	18
k127_34975464_S_bin.28	24154	24412	19
k127_34975464_S_bin.28	24411	24957	20
k127_34975464_S_bin.28	24978	25122	21
k127_34975464_S_bin.28	25536	25770	22
k127_34975464_S_bin.28	25794	26247	23
k127_34975464_S_bin.28	26583	27417	24
k127_34975464_S_bin.28	27579	28035	25
k127_34975464_S_bin.28	28053	28548	26
k127_34975464_S_bin.28	28778	31607	27
k127_34975464_S_bin.28	31952	32117	28
k127_34975464_S_bin.28	32144	32414	29
k127_35179849_S_bin.80	2	296	1
k127_35179849_S_bin.80	334	778	2
k127_35179849_S_bin.80	790	1783	3
k127_35179849_S_bin.80	1779	3420	4
k127_35179849_S_bin.80	3521	4397	5
k127_36005664_S_bin.28	1	5989	6
k127_36005664_S_bin.28	6278	7052	7
k127_36005664_S_bin.28	7141	9517	8
k127_36005664_S_bin.28	9586	10084	9
k127_36017374_S_bin.71	0	792	1
k127_36017374_S_bin.71	779	2273	2
k127_36017374_S_bin.71	2269	2851	3
k127_36017374_S_bin.71	2847	3693	4
k127_36102621_S_bin.50	0	162	1
k127_36102621_S_bin.50	512	650	2
k127_36102621_S_bin.50	680	1193	3
k127_36102621_S_bin.50	1215	1503	4
k127_36102621_S_bin.50	1564	2077	5
k127_36102621_S_bin.50	2103	2688	6
k127_36102621_S_bin.50	2816	2951	7
k127_36102621_S_bin.50	3013	3661	8
k127_36102621_S_bin.50	3660	5412	9
k127_36102621_S_bin.50	5421	7527	10
k127_36102621_S_bin.50	7545	10098	11
k127_36102621_S_bin.50	10191	10716	12
k127_36267064_S_bin.8	2	980	1
k127_36267064_S_bin.8	984	1461	2
k127_36267064_S_bin.8	1457	1838	3
k127_36267064_S_bin.8	1842	2445	4
k127_36267064_S_bin.8	2451	3087	5
k127_36267064_S_bin.8	3052	3679	6
k127_36267064_S_bin.8	3813	4542	7
k127_36267064_S_bin.8	4591	5653	8
k127_36267064_S_bin.8	5649	6822	9
k127_36267064_S_bin.8	6929	7187	10
k127_36267064_S_bin.8	7261	7822	11
k127_36267064_S_bin.8	7828	8116	12
k127_36267064_S_bin.8	8105	8348	13
k127_36267064_S_bin.8	8387	9533	14
k127_36267064_S_bin.8	9529	9958	15
k127_36267064_S_bin.8	9947	11186	16
k127_36267064_S_bin.8	11202	11958	17
k127_36267064_S_bin.8	11959	12955	18
k127_36267064_S_bin.8	12991	13396	19
k127_36267064_S_bin.8	13702	14146	20
k127_36267064_S_bin.8	14150	14582	21
k127_36267064_S_bin.8	14581	15721	22
k127_36267064_S_bin.8	15722	16637	23
k127_36267064_S_bin.8	16679	17042	24
k127_36336105_S_bin.28	532	1477	1
k127_36336105_S_bin.28	1473	1968	2
k127_36336105_S_bin.28	1960	3019	3
k127_36336105_S_bin.28	3015	4734	4
k127_36336105_S_bin.28	4730	6389	5
k127_36336105_S_bin.28	6431	7676	6
k127_36336105_S_bin.28	7672	11317	7
k127_36336105_S_bin.28	11574	11727	8
k127_36336105_S_bin.28	11902	13075	9
k127_36336105_S_bin.28	13155	13392	10
k127_36336105_S_bin.28	13567	14560	11
k127_36336105_S_bin.28	14595	15909	12
k127_36336105_S_bin.28	16123	17866	13
k127_36336105_S_bin.28	17960	18674	14
k127_36336105_S_bin.28	18702	19929	15
k127_36336105_S_bin.28	20000	32567	16
k127_36336105_S_bin.28	32686	36547	17
k127_36336105_S_bin.28	36870	37923	18
k127_36336105_S_bin.28	38072	38477	19
k127_36336105_S_bin.28	38681	38777	20
k127_36336105_S_bin.28	39223	39805	21
k127_3756117_S_bin.74	2	284	1
k127_3756117_S_bin.74	255	1413	2
k127_3756117_S_bin.74	1378	3214	3
k127_3756117_S_bin.74	3210	3486	4
k127_37601404_S_bin.50	1	517	1
k127_37601404_S_bin.50	591	1044	2
k127_37601404_S_bin.50	1150	1771	3
k127_37601404_S_bin.50	1758	2238	4
k127_37601404_S_bin.50	2219	3344	5
k127_37601404_S_bin.50	3433	4702	6
k127_37601404_S_bin.50	4719	4866	7
k127_37601404_S_bin.50	4954	5917	8
k127_37601404_S_bin.50	5913	6492	9
k127_37601404_S_bin.50	6775	8254	10
k127_37601404_S_bin.50	8250	9006	11
k127_37704742_S_bin.9	0	72	1
k127_37704742_S_bin.9	64	1021	2
k127_37704742_S_bin.9	1102	1306	3
k127_37704742_S_bin.9	1337	1568	4
k127_37704742_S_bin.9	1606	1825	5
k127_37704742_S_bin.9	1846	2062	6
k127_37704742_S_bin.9	2178	2958	7
k127_37704742_S_bin.9	3173	3752	8
k127_37767399_S_bin.80	2	3917	1
k127_38076077_S_bin.61	2	6836	1
k127_38076077_S_bin.61	6832	7084	2
k127_38076077_S_bin.61	7114	8779	3
k127_38076077_S_bin.61	8783	8936	4
k127_38076077_S_bin.61	9251	9971	5
k127_38076077_S_bin.61	10382	10937	6
k127_38076077_S_bin.61	11009	11411	7
k127_38076077_S_bin.61	11547	11943	8
k127_38113696_S_bin.56	1	556	1
k127_38113696_S_bin.56	1247	1850	2
k127_38113696_S_bin.56	1846	2737	3
k127_38113696_S_bin.56	2733	3342	4
k127_38113696_S_bin.56	3396	4167	5
k127_38113696_S_bin.56	4496	5198	6
k127_38113696_S_bin.56	5253	5388	7
k127_38270724_S_bin.80	1	2950	1
k127_38657971_S_bin.28	1	10879	1
k127_38657971_S_bin.28	10974	11733	2
k127_38657971_S_bin.28	12048	12585	3
k127_38657971_S_bin.28	12663	13188	4
k127_38657971_S_bin.28	13380	14565	5
k127_38657971_S_bin.28	14561	15230	6
k127_38657971_S_bin.28	15226	17566	7
k127_38657971_S_bin.28	17562	18027	8
k127_38657971_S_bin.28	18027	18459	9
k127_38657971_S_bin.28	18575	19340	10
k127_38690564_S_bin.8	1	814	1
k127_38690564_S_bin.8	1029	1653	2
k127_38690564_S_bin.8	1821	1986	3
k127_38690564_S_bin.8	2131	2833	4
k127_38690564_S_bin.8	2836	3292	5
k127_38690564_S_bin.8	3325	4162	6
k127_38690564_S_bin.8	4167	5637	7
k127_38690564_S_bin.8	5639	6308	8
k127_38690564_S_bin.8	6470	6737	9
k127_38818695_S_bin.28	0	2637	1
k127_39034543_S_bin.27	0	1236	1
k127_39034543_S_bin.27	1232	1892	2
k127_39034543_S_bin.27	1905	2709	3
k127_39034543_S_bin.27	2698	3829	4
k127_39034543_S_bin.27	3953	4313	5
k127_39034543_S_bin.27	4364	5477	6
k127_39034543_S_bin.27	5493	7647	7
k127_39034543_S_bin.27	7702	8518	8
k127_39034543_S_bin.27	8598	9882	9
k127_39034543_S_bin.27	9927	10848	10
k127_39034543_S_bin.27	10792	11656	11
k127_39034543_S_bin.27	11769	13614	12
k127_39034543_S_bin.27	13717	14899	13
k127_39034543_S_bin.27	14909	18044	14
k127_3915531_S_bin.28	3109	3763	7
k127_3915531_S_bin.28	3850	6547	8
k127_3915531_S_bin.28	6600	6810	9
k127_3915531_S_bin.28	7209	7449	10
k127_3915531_S_bin.28	7499	9653	11
k127_3915531_S_bin.28	9716	10037	12
k127_3915531_S_bin.28	10061	11447	13
k127_3915531_S_bin.28	11733	12162	14
k127_3915531_S_bin.28	12158	13451	15
k127_3915531_S_bin.28	13711	14911	16
k127_3915531_S_bin.28	14973	16614	17
k127_3915531_S_bin.28	16879	17875	18
k127_3915531_S_bin.28	18439	18754	19
k127_3915531_S_bin.28	18779	19298	20
k127_3915531_S_bin.28	20000	28988	21
k127_3915531_S_bin.28	28984	33097	22
k127_3915531_S_bin.28	33360	35769	23
k127_39778434_S_bin.61	2	1403	1
k127_39778434_S_bin.61	1563	2562	2
k127_39778434_S_bin.61	2578	3898	3
k127_39778434_S_bin.61	3894	5070	4
k127_39778434_S_bin.61	5066	6557	5
k127_39778434_S_bin.61	6553	7552	6
k127_39778434_S_bin.61	7436	7982	7
k127_39778434_S_bin.61	8045	8468	8
k127_39778434_S_bin.61	8478	8859	9
k127_39877298_S_bin.28	2	179	1
k127_39877298_S_bin.28	234	1503	1
k127_39877298_S_bin.28	1618	2509	2
k127_39877298_S_bin.28	2522	2672	2
k127_39877298_S_bin.28	2872	2995	2
k127_39877298_S_bin.28	2991	4218	3
k127_39877298_S_bin.28	4217	4946	4
k127_39877298_S_bin.28	4942	5398	5
k127_39877298_S_bin.28	5394	6591	6
k127_39877298_S_bin.28	6587	7070	7
k127_39877298_S_bin.28	7066	7801	8
k127_39877298_S_bin.28	7797	8946	9
k127_39877298_S_bin.28	9099	11475	10
k127_39877298_S_bin.28	11446	12061	11
k127_39877298_S_bin.28	12057	12507	12
k127_39877298_S_bin.28	12572	13520	13
k127_39877298_S_bin.28	13516	14251	14
k127_39877298_S_bin.28	14243	15935	15
k127_39877298_S_bin.28	15936	16482	16
k127_39877298_S_bin.28	16478	16733	17
k127_39877298_S_bin.28	16742	17003	18
k127_39877298_S_bin.28	16977	17790	19
k127_39877298_S_bin.28	17765	18347	20
k127_39877298_S_bin.28	18793	19573	21
k127_39877298_S_bin.28	19572	19680	22
k127_39877298_S_bin.28	20000	20204	23
k127_39877298_S_bin.28	20426	22103	24
k127_39877298_S_bin.28	22102	22978	25
k127_39877298_S_bin.28	22979	23279	26
k127_39877298_S_bin.28	23271	24123	27
k127_39877298_S_bin.28	24119	24920	28
k127_39877298_S_bin.28	24913	25300	29
k127_40298990_S_bin.28	0	3063	1
k127_40375156_S_bin.28	2	3164	1
k127_40375156_S_bin.28	3165	3930	2
k127_40450759_S_bin.80	0	2883	1
k127_41087363_S_bin.80	0	3042	1
k127_411266_M_bin.94	1	193	1
k127_411266_M_bin.94	311	1643	2
k127_411266_M_bin.94	1902	2802	3
k127_411266_M_bin.94	2798	2930	4
k127_41722690_S_bin.30	2	1460	1
k127_41722690_S_bin.30	1546	2227	2
k127_41722690_S_bin.30	2418	3705	3
k127_41722690_S_bin.30	3786	4890	4
k127_41722690_S_bin.30	5181	6945	5
k127_41722690_S_bin.30	7323	8184	6
k127_41722690_S_bin.30	8256	10539	7
k127_41722690_S_bin.30	10574	11447	8
k127_41722690_S_bin.30	11548	11680	9
k127_4227215_M_bin.60	0	117	1
k127_4227215_M_bin.60	430	1165	2
k127_4227215_M_bin.60	1187	1907	3
k127_4227215_M_bin.60	1980	2427	4
k127_4227215_M_bin.60	2495	3209	5
k127_4227215_M_bin.60	3213	3657	6
k127_4227215_M_bin.60	3672	5091	7
k127_4227215_M_bin.60	5087	8411	8
k127_4227215_M_bin.60	8746	9655	9
k127_4227215_M_bin.60	9706	12247	10
k127_4227215_M_bin.60	12247	13267	11
k127_4227215_M_bin.60	13306	14092	12
k127_4227215_M_bin.60	14306	19400	13
k127_4227215_M_bin.60	19444	20740	14
k127_4269423_M_bin.8	1	937	1
k127_4269423_M_bin.8	917	2006	2
k127_4269423_M_bin.8	2002	2143	3
k127_4269423_M_bin.8	2220	2736	4
k127_4284923_S_bin.28	517	1297	1
k127_4284923_S_bin.28	1293	1632	2
k127_4284923_S_bin.28	2095	3127	3
k127_4284923_S_bin.28	3119	4109	4
k127_4284923_S_bin.28	4105	5011	5
k127_4284923_S_bin.28	5000	6884	6
k127_4284923_S_bin.28	6887	7664	7
k127_4284923_S_bin.28	7660	9277	8
k127_4432298_M_bin.12	0	1878	1
k127_4432298_M_bin.12	1871	2483	2
k127_4432298_M_bin.12	2951	3257	3
k127_4432298_M_bin.12	3697	4702	4
k127_4432298_M_bin.12	4755	5247	5
k127_4485730_M_bin.1	1566	2640	6
k127_4485730_M_bin.1	2636	3473	7
k127_4485730_M_bin.1	3591	4407	8
k127_4485730_M_bin.1	4410	4815	9
k127_4485730_M_bin.1	5000	5408	10
k127_4485730_M_bin.1	5443	5704	11
k127_4549696_M_bin.66	0	735	1
k127_4549696_M_bin.66	742	1603	2
k127_4549696_M_bin.66	1625	2807	3
k127_4549696_M_bin.66	2803	3073	4
k127_4549696_M_bin.66	3087	4905	5
k127_4549696_M_bin.66	5104	6601	6
k127_4603082_M_bin.66	2	4733	1
k127_4603082_M_bin.66	5109	5760	2
k127_4603082_M_bin.66	5785	6499	3
k127_4603082_M_bin.66	6541	7483	4
k127_4603082_M_bin.66	7484	7877	5
k127_4603082_M_bin.66	7873	8704	6
k127_4603082_M_bin.66	8728	9853	7
k127_4603082_M_bin.66	9949	10288	8
k127_4719246_M_bin.35	2	803	1
k127_4719246_M_bin.35	830	1730	2
k127_4719246_M_bin.35	1742	2954	3
k127_4719246_M_bin.35	3020	3203	4
k127_4731131_M_bin.66	52	1183	1
k127_4731131_M_bin.66	1307	1667	2
k127_4731131_M_bin.66	1718	2831	3
k127_4731131_M_bin.66	2847	5001	4
k127_4731131_M_bin.66	5056	5872	5
k127_4731131_M_bin.66	5952	7236	6
k127_4731131_M_bin.66	7281	8202	7
k127_4731131_M_bin.66	8146	9010	8
k127_4731131_M_bin.66	9123	10968	9
k127_4731131_M_bin.66	11071	12253	10
k127_4731131_M_bin.66	12263	15398	11
k127_4731131_M_bin.66	15669	16560	12
k127_4731131_M_bin.66	16787	16979	13
k127_493815_S_bin.56	2	647	1
k127_493815_S_bin.56	643	1876	2
k127_493815_S_bin.56	1882	2398	3
k127_493815_S_bin.56	2479	2917	4
k127_4957287_M_bin.32	1	1339	1
k127_4957287_M_bin.32	1378	2698	2
k127_4957287_M_bin.32	2697	3537	3
k127_4957287_M_bin.32	3533	3653	4
k127_5264117_M_bin.67	124	1531	1
k127_5264117_M_bin.67	1530	2286	2
k127_5264117_M_bin.67	2706	4020	3
k127_5264117_M_bin.67	4183	5380	4
k127_5264117_M_bin.67	5351	5615	5
k127_5264117_M_bin.67	5649	6546	6
k127_5264117_M_bin.67	6542	7367	7
k127_5264117_M_bin.67	7484	7616	8
k127_5264117_M_bin.67	7669	8119	9
k127_5264117_M_bin.67	8074	9988	10
k127_5264117_M_bin.67	10111	11419	11
k127_5264117_M_bin.67	11756	12575	12
k127_5264117_M_bin.67	12571	13147	13
k127_5328276_M_bin.47	0	1965	1
k127_5328276_M_bin.47	2107	5605	2
k127_5493334_S_bin.74	1	4534	1
k127_5770497_M_bin.111	1	217	1
k127_5770497_M_bin.111	204	519	2
k127_5770497_M_bin.111	627	1533	3
k127_5770497_M_bin.111	1645	2236	4
k127_5770497_M_bin.111	2408	5969	5
k127_6074367_M_bin.52	2	182	1
k127_6074367_M_bin.52	182	1625	2
k127_6074367_M_bin.52	1621	3808	3
k127_6074367_M_bin.52	3959	4136	4
k127_6074367_M_bin.52	4484	5912	5
k127_6074367_M_bin.52	6081	6480	6
k127_6074367_M_bin.52	6514	7159	7
k127_6074367_M_bin.52	7095	7341	8
k127_6074367_M_bin.52	7371	8031	9
k127_6074367_M_bin.52	8044	8140	10
k127_6074367_M_bin.52	8166	8493	11
k127_6074367_M_bin.52	8567	9059	12
k127_6074367_M_bin.52	9438	9642	13
k127_6074367_M_bin.52	9819	14013	14
k127_6074367_M_bin.52	14148	14811	15
k127_6074367_M_bin.52	15038	15827	16
k127_6074367_M_bin.52	15835	16987	17
k127_6074367_M_bin.52	17107	18331	18
k127_6074367_M_bin.52	18446	18581	19
k127_6074367_M_bin.52	18585	18690	20
k127_6074367_M_bin.52	18686	18779	21
k127_6074367_M_bin.52	18765	20292	22
k127_6074367_M_bin.52	20310	20625	23
k127_6074367_M_bin.52	20812	21850	24
k127_6074367_M_bin.52	21909	22653	25
k127_6074367_M_bin.52	22871	23075	26
k127_6074367_M_bin.52	23097	23469	27
k127_6074367_M_bin.52	23481	23925	28
k127_6074367_M_bin.52	24142	24991	29
k127_6074367_M_bin.52	25124	25904	30
k127_6074367_M_bin.52	26273	26657	31
k127_6074367_M_bin.52	26851	27775	32
k127_6074367_M_bin.52	27933	28716	33
k127_612958_S_bin.120	0	195	1
k127_612958_S_bin.120	474	1197	2
k127_612958_S_bin.120	1510	1789	3
k127_612958_S_bin.120	1926	2814	4
k127_612958_S_bin.120	2825	3653	5
k127_612958_S_bin.120	3659	4184	6
k127_612958_S_bin.120	4381	5119	7
k127_612958_S_bin.120	5111	5315	8
k127_612958_S_bin.120	5354	5735	9
k127_612958_S_bin.120	5837	6026	10
k127_612958_S_bin.120	6133	6382	11
k127_6281136_M_bin.9	0	447	1
k127_6281136_M_bin.9	608	773	2
k127_6281136_M_bin.9	792	2088	3
k127_6281136_M_bin.9	2134	2977	4
k127_6281136_M_bin.9	3035	3596	5
k127_6281136_M_bin.9	3718	4573	6
k127_6281136_M_bin.9	4586	5330	7
k127_6281136_M_bin.9	5517	5895	8
k127_6281136_M_bin.9	6003	8289	9
k127_6281136_M_bin.9	8421	8862	10
k127_6281136_M_bin.9	9098	10082	11
k127_6281136_M_bin.9	10403	10886	12
k127_6281136_M_bin.9	10882	11833	13
k127_6281136_M_bin.9	11837	12794	14
k127_6302456_M_bin.9	1	3973	1
k127_6302456_M_bin.9	4183	5611	2
k127_6308400_M_bin.8	2	179	1
k127_6308400_M_bin.8	355	1054	2
k127_6308400_M_bin.8	1194	1806	3
k127_6308400_M_bin.8	1805	2660	4
k127_6308400_M_bin.8	2737	3211	5
k127_6308400_M_bin.8	3207	3582	6
k127_6308400_M_bin.8	3578	4511	7
k127_6308400_M_bin.8	4564	4930	8
k127_6308400_M_bin.8	4910	5639	9
k127_6308400_M_bin.8	5635	6781	10
k127_6308400_M_bin.8	6777	7857	11
k127_6308400_M_bin.8	8008	8908	12
k127_6308400_M_bin.8	8953	9043	13
k127_6308400_M_bin.8	9255	9960	14
k127_6308400_M_bin.8	9956	11579	15
k127_6308400_M_bin.8	11768	12644	16
k127_6308400_M_bin.8	12687	13428	17
k127_6308400_M_bin.8	13550	14267	18
k127_6308400_M_bin.8	14348	14954	19
k127_6308400_M_bin.8	15004	15874	20
k127_6308400_M_bin.8	15957	16722	21
k127_6308400_M_bin.8	16738	17065	22
k127_6308400_M_bin.8	17425	17551	23
k127_6441253_S_bin.50	2	1028	1
k127_6441253_S_bin.50	1244	1838	2
k127_6441253_S_bin.50	1899	2745	3
k127_6441253_S_bin.50	2833	3373	4
k127_6441253_S_bin.50	3448	4636	5
k127_6441253_S_bin.50	4632	5817	6
k127_6523176_M_bin.87	1	4003	1
k127_6575704_M_bin.21	0	231	1
k127_6575704_M_bin.21	227	1484	2
k127_6575704_M_bin.21	1648	2608	3
k127_6575704_M_bin.21	2699	3443	4
k127_6575704_M_bin.21	3447	4680	5
k127_6575704_M_bin.21	4766	5750	6
k127_6575704_M_bin.21	5763	6528	7
k127_6575704_M_bin.21	6529	8191	8
k127_6575704_M_bin.21	8187	9204	9
k127_6575704_M_bin.21	9200	9611	10
k127_6575704_M_bin.21	9662	9944	11
k127_7212086_M_bin.87	33	276	1
k127_7212086_M_bin.87	304	520	2
k127_7212086_M_bin.87	622	1903	3
k127_7212086_M_bin.87	1985	2246	4
k127_7212086_M_bin.87	2663	4451	5
k127_7212086_M_bin.87	4743	7962	6
k127_7212086_M_bin.87	8150	8588	7
k127_7212086_M_bin.87	8751	8982	8
k127_7212086_M_bin.87	9103	9877	9
k127_7212086_M_bin.87	10000	10624	10
k127_7212086_M_bin.87	10638	10806	11
k127_7212086_M_bin.87	11167	12031	12
k127_7212086_M_bin.87	12086	13253	13
k127_7260464_M_bin.109	2	71	1
k127_7260464_M_bin.109	113	1586	2
k127_7260464_M_bin.109	1582	2752	3
k127_7260464_M_bin.109	2873	3104	4
k127_7260464_M_bin.109	3224	4232	5
k127_7348137_S_bin.8	1	583	1
k127_7348137_S_bin.8	598	2977	2
k127_7348137_S_bin.8	2994	4230	3
k127_7348137_S_bin.8	4259	4931	4
k127_7348137_S_bin.8	4948	6565	5
k127_7348137_S_bin.8	6577	10984	6
k127_7348137_S_bin.8	10986	11634	7
k127_7348137_S_bin.8	11643	13566	8
k127_7348137_S_bin.8	13572	14466	9
k127_7348137_S_bin.8	14462	16310	10
k127_7487089_M_bin.109	10	445	1
k127_7487089_M_bin.109	660	1635	2
k127_7487089_M_bin.109	1631	2678	3
k127_7487089_M_bin.109	2674	3109	4
k127_7487089_M_bin.109	3285	3834	5
k127_7487089_M_bin.109	3923	4826	6
k127_7487089_M_bin.109	5321	5876	7
k127_7953622_S_bin.74	2	1088	1
k127_7953622_S_bin.74	1084	2254	2
k127_7953622_S_bin.74	2250	2640	3
k127_8241861_M_bin.67	1	469	1
k127_8241861_M_bin.67	523	622	2
k127_8241861_M_bin.67	614	1181	3
k127_8241861_M_bin.67	1641	5922	4
k127_8241861_M_bin.67	6026	7598	5
k127_8241861_M_bin.67	7597	8092	6
k127_8241861_M_bin.67	8108	9929	7
k127_8241861_M_bin.67	9961	10969	8
k127_8241861_M_bin.67	11040	11724	9
k127_8241861_M_bin.67	11720	13112	10
k127_8241861_M_bin.67	13260	14877	11
k127_8241861_M_bin.67	14982	15987	12
k127_8241861_M_bin.67	16051	16393	13
k127_8241861_M_bin.67	16545	17664	14
k127_8241861_M_bin.67	17668	17803	15
k127_8241861_M_bin.67	18374	18719	16
k127_8241861_M_bin.67	18812	19835	17
k127_8511279_S_bin.80	0	3375	1
k127_8516650_M_bin.102	1	2704	1
k127_8516650_M_bin.102	2700	2964	2
k127_8516650_M_bin.102	3010	3814	3
k127_8516650_M_bin.102	3864	5190	4
k127_8516650_M_bin.102	5186	6002	5
k127_8516650_M_bin.102	6460	7663	6
k127_8516650_M_bin.102	7629	7845	7
k127_8516650_M_bin.102	7875	14484	8
k127_8516650_M_bin.102	14489	14693	9
k127_8516650_M_bin.102	14747	19322	10
k127_8516650_M_bin.102	19392	20823	11
k127_8516650_M_bin.102	20943	22686	12
k127_8516650_M_bin.102	22813	23029	13
k127_8516650_M_bin.102	23417	24227	14
k127_8516650_M_bin.102	24466	24679	15
k127_8516650_M_bin.102	24715	25861	16
k127_8516650_M_bin.102	25823	26561	17
k127_8516650_M_bin.102	27271	28057	18
k127_8516650_M_bin.102	28221	29982	19
k127_8516650_M_bin.102	30012	30801	20
k127_8516650_M_bin.102	30797	31571	21
k127_8537076_M_bin.8	0	420	1
k127_8537076_M_bin.8	481	616	2
k127_8537076_M_bin.8	625	1696	3
k127_8537076_M_bin.8	1676	3071	4
k127_8539368_M_bin.32	0	117	1
k127_8539368_M_bin.32	154	457	2
k127_8539368_M_bin.32	822	3420	3
k127_8539368_M_bin.32	3444	4590	4
k127_8539368_M_bin.32	4701	6249	5
k127_8736639_M_bin.109	2	3308	1
k127_8736639_M_bin.109	3353	4319	2
k127_8736639_M_bin.109	4315	5083	3
k127_8736639_M_bin.109	5445	7635	4
k127_8736639_M_bin.109	7734	8157	5
k127_8736639_M_bin.109	8320	8650	6
k127_8736639_M_bin.109	8646	10209	7
k127_8736639_M_bin.109	10201	10471	8
k127_8736639_M_bin.109	10629	12141	9
k127_8736639_M_bin.109	12133	14128	10
k127_8736639_M_bin.109	14289	14628	11
k127_8736639_M_bin.109	14631	15303	12
k127_8736639_M_bin.109	15411	16677	13
k127_8817632_S_bin.28	2	449	1
k127_8817632_S_bin.28	724	2059	2
k127_8817632_S_bin.28	2266	4228	3
k127_8817632_S_bin.28	4230	5388	4
k127_8817632_S_bin.28	5451	14055	5
k127_8984978_M_bin.66	2	1316	1
k127_8984978_M_bin.66	1315	1876	2
k127_8984978_M_bin.66	1889	2192	3
k127_8984978_M_bin.66	2191	2674	4
k127_8984978_M_bin.66	3054	3798	5
k127_8984978_M_bin.66	3876	4341	6
k127_8984978_M_bin.66	4358	7223	7
k127_9013880_M_bin.67	1	319	1
k127_9013880_M_bin.67	315	2112	2
k127_9013880_M_bin.67	2124	3135	3
k127_9013880_M_bin.67	3223	4393	4
k127_9013880_M_bin.67	4767	5064	5
k127_903402_S_bin.9	41	845	1
k127_903402_S_bin.9	933	1875	2
k127_903402_S_bin.9	1884	4686	3
k127_903402_S_bin.9	4941	5391	4
k127_903402_S_bin.9	5528	6200	5
k127_903402_S_bin.9	6202	7675	6
k127_903402_S_bin.9	7676	8513	7
k127_903402_S_bin.9	8540	8996	8
k127_903402_S_bin.9	9002	9722	9
k127_903402_S_bin.9	9863	10652	10
k127_903402_S_bin.9	10738	12160	11
k127_903402_S_bin.9	12233	12572	12
k127_903402_S_bin.9	12639	13098	13
k127_903402_S_bin.9	13114	13348	14
k127_903402_S_bin.9	13504	16396	15
k127_903402_S_bin.9	16406	16697	16
k127_9034355_M_bin.87	2	1247	1
k127_9034355_M_bin.87	1281	2289	2
k127_9034355_M_bin.87	2439	5280	3
k127_9034355_M_bin.87	5276	6050	4
k127_9240135_S_bin.28	1	9415	1
k127_9240135_S_bin.28	10075	10672	2
k127_9240135_S_bin.28	10705	11302	3
k127_9240135_S_bin.28	11450	12662	4
k127_9240135_S_bin.28	12934	13171	5
k127_9240135_S_bin.28	13431	14115	6
k127_9240135_S_bin.28	14111	15560	7
k127_9240135_S_bin.28	15454	16714	8
k127_9240135_S_bin.28	16710	17169	9
k127_9430720_M_bin.32	2	77	1
k127_9430720_M_bin.32	129	534	2
k127_9430720_M_bin.32	678	825	3
k127_9430720_M_bin.32	821	1892	4
k127_9430720_M_bin.32	1878	3408	5
k127_9430720_M_bin.32	3512	3680	6
k127_9476787_M_bin.1	2	1094	1
k127_9476787_M_bin.1	1153	2197	2
k127_9476787_M_bin.1	2193	3270	3
k127_9476787_M_bin.1	3385	3871	4
k127_9712611_S_bin.28	0	3882	1
k127_976675_S_bin.30	662	1211	1
k127_976675_S_bin.30	1279	3112	2
k127_976675_S_bin.30	3104	3764	3
k127_976675_S_bin.30	4192	4417	4
k127_976675_S_bin.30	4450	5062	5
k127_976675_S_bin.30	5184	5907	6
